OriginTime,MinWait
8.83944,0.000130946
9.9256,0.000514388
10.4441,0.000773835
10.6567,0.00106157
10.7935,0.0011525
10.8958,0.00120727
10.9762,0.00135945
11.0408,0.00166244
11.0989,0.00180261
11.1503,0.00191638
11.1986,0.00201153
11.2428,0.00211514
11.2808,0.00231963
11.3155,0.00246297
11.3488,0.00262766
11.3784,0.0030831
11.4065,0.00324961
11.4349,0.00334691
11.4605,0.00345144
11.4859,0.00359689
11.5101,0.00386881
11.5322,0.00408552
11.5532,0.00423525
11.575,0.00435916
11.5951,0.00447001
11.6141,0.00457556
11.6324,0.00468502
11.6505,0.00479834
11.6683,0.00492821
11.6854,0.00504993
11.7019,0.00517836
11.7179,0.00530579
11.733,0.00544831
11.7492,0.00565088
11.7643,0.00591958
11.7786,0.00617176
11.7933,0.0063804
11.8071,0.00656307
11.821,0.00673694
11.834,0.00691846
11.8475,0.00715369
11.8607,0.00737109
11.8725,0.00754159
11.8853,0.00771288
11.8968,0.00789829
11.908,0.00811608
11.9199,0.00833939
11.9313,0.00857433
11.9423,0.00877523
11.9534,0.00894011
11.9636,0.00908356
11.9746,0.00921746
11.9845,0.00934645
11.9946,0.00947218
12.0048,0.00958766
12.0145,0.0097196
12.0248,0.00986104
12.0347,0.0100039
12.0441,0.0101712
12.053,0.0103537
12.0621,0.0105444
12.071,0.0107403
12.0797,0.0109474
12.0883,0.0111567
12.0972,0.0113867
12.1064,0.0116207
12.1143,0.0118633
12.1227,0.0120849
12.131,0.0122892
12.1391,0.0124798
12.147,0.0126451
12.1547,0.0128022
12.1626,0.0129641
12.1703,0.0131178
12.1778,0.0132663
12.185,0.0134118
12.1924,0.0135539
12.1996,0.0136917
12.2066,0.0138277
12.2135,0.013969
12.2207,0.0141047
12.2274,0.0142305
12.2345,0.0143581
12.2412,0.0144804
12.2479,0.0146014
12.2544,0.0147264
12.2608,0.0148435
12.2671,0.014953
12.2737,0.0150593
12.2799,0.015163
12.2861,0.0152616
12.2924,0.0153621
12.2985,0.0154675
12.3044,0.0155694
12.3106,0.0156698
12.3167,0.0157718
12.3225,0.0158757
12.3286,0.0159885
12.3344,0.0161059
12.3398,0.0162294
12.3456,0.0163637
12.3515,0.0165027
12.3568,0.0166528
12.3624,0.0168132
12.368,0.0169809
12.3733,0.0171497
12.3788,0.0173084
12.3845,0.0174694
12.3897,0.0176217
12.3951,0.0177624
12.4003,0.0179044
12.4056,0.0180428
12.4106,0.0181776
12.4159,0.0183095
12.4211,0.0184428
12.426,0.0185713
12.4308,0.0187011
12.4357,0.018832
12.4406,0.0189648
12.4455,0.0190971
12.4503,0.0192296
12.455,0.0193597
12.46,0.0194891
12.4649,0.0196133
12.4696,0.0197395
12.4745,0.019866
12.4791,0.0199999
12.4838,0.0201387
12.4882,0.0202792
12.4926,0.0204167
12.4969,0.0205484
12.5015,0.0206797
12.5057,0.0208124
12.51,0.0209474
12.5142,0.0210767
12.5186,0.0212082
12.523,0.0213403
12.5273,0.0214763
12.5316,0.0216066
12.5356,0.0217434
12.5399,0.0218716
12.5443,0.022007
12.5484,0.0221392
12.5525,0.0222796
12.5568,0.0224251
12.5609,0.0225822
12.5649,0.0227372
12.5689,0.022897
12.5728,0.0230621
12.5769,0.0232368
12.5809,0.0234287
12.5848,0.0236309
12.5887,0.0238445
12.5926,0.0240674
12.5964,0.0242956
12.6002,0.0245167
12.604,0.0247294
12.6079,0.0249325
12.6117,0.0251361
12.6155,0.0253337
12.6194,0.0255227
12.6234,0.0257032
12.6272,0.0258909
12.6309,0.0260756
12.6346,0.0262604
12.6382,0.0264386
12.642,0.0266157
12.6453,0.0267922
12.6489,0.0269781
12.6526,0.0271746
12.6563,0.0273763
12.6598,0.0275828
12.6632,0.0277914
12.6666,0.0280173
12.67,0.0282558
12.6736,0.0285006
12.6771,0.0287565
12.6807,0.0290031
12.6841,0.029251
12.6874,0.0294871
12.6909,0.0297131
12.6943,0.0299238
12.6977,0.0301248
12.7011,0.030314
12.7043,0.0304981
12.7075,0.0306759
12.7108,0.0308571
12.7143,0.031015
12.7175,0.0311801
12.7208,0.0313403
12.724,0.0315044
12.7272,0.0316673
12.7304,0.0318358
12.7337,0.0320013
12.7369,0.03217
12.74,0.032345
12.7431,0.032516
12.7461,0.032689
12.7494,0.0328558
12.7527,0.0330233
12.7558,0.0332012
12.7589,0.0333702
12.7619,0.0335425
12.7649,0.0337204
12.768,0.0338867
12.771,0.0340637
12.7743,0.0342342
12.7773,0.0343926
12.7803,0.0345576
12.7834,0.0347206
12.7864,0.034893
12.7894,0.0350561
12.7924,0.0352308
12.7953,0.0354045
12.7981,0.0355851
12.8009,0.0357783
12.8037,0.0359656
12.8066,0.0361524
12.8095,0.0363449
12.8124,0.0365428
12.8152,0.0367386
12.8181,0.0369291
12.8208,0.0371276
12.8237,0.0373276
12.8265,0.0375363
12.8294,0.0377413
12.8322,0.037942
12.8349,0.0381507
12.8376,0.0383522
12.8403,0.0385694
12.8431,0.0387781
12.8459,0.0389881
12.8487,0.0392019
12.8514,0.039422
12.854,0.03963
12.8567,0.039836
12.8594,0.0400486
12.8623,0.0402595
12.8649,0.0404747
12.8676,0.0406887
12.8703,0.0409095
12.873,0.0411172
12.8755,0.0413315
12.8782,0.0415325
12.8808,0.041737
12.8833,0.0419323
12.8859,0.0421407
12.8885,0.0423437
12.8912,0.0425561
12.8937,0.0427618
12.8962,0.0429567
12.8988,0.0431584
12.9013,0.0433498
12.9039,0.0435393
12.9064,0.0437367
12.9091,0.0439297
12.9116,0.0441304
12.9142,0.0443334
12.9167,0.0445393
12.9193,0.0447486
12.9217,0.0449599
12.9242,0.0451582
12.9267,0.0453635
12.9292,0.0455677
12.9317,0.0457692
12.9342,0.0459752
12.9367,0.0461907
12.9392,0.0463962
12.9417,0.0466008
12.944,0.0468048
12.9465,0.0470033
12.949,0.0472006
12.9515,0.0473927
12.9538,0.0475891
12.9561,0.0477667
12.9585,0.047957
12.9609,0.0481403
12.9632,0.0483291
12.9656,0.0485147
12.9679,0.048707
12.9702,0.048888
12.9724,0.0490807
12.9747,0.0492645
12.977,0.0494503
12.9793,0.0496408
12.9817,0.0498318
12.984,0.0500203
12.9863,0.0502126
12.9886,0.0504116
12.9909,0.0506019
12.9931,0.050797
12.9955,0.0509963
12.9977,0.0511918
13,0.0513977
13.0023,0.0516004
13.0043,0.0518098
13.0066,0.0520153
13.0089,0.0522302
13.0112,0.0524403
13.0134,0.0526514
13.0157,0.0528662
13.018,0.0530715
13.0201,0.0532813
13.0224,0.053488
13.0245,0.0536983
13.0267,0.053902
13.0289,0.0541071
13.0311,0.0543155
13.0332,0.0545253
13.0354,0.054739
13.0376,0.0549436
13.0397,0.0551494
13.0419,0.0553516
13.044,0.05555
13.0463,0.055757
13.0485,0.0559492
13.0505,0.0561459
13.0527,0.0563345
13.0547,0.0565269
13.0569,0.0567072
13.0589,0.0568947
13.061,0.0570736
13.0631,0.0572648
13.0652,0.0574428
13.0673,0.0576256
13.0694,0.0578011
13.0715,0.0579738
13.0735,0.0581506
13.0757,0.0583165
13.0777,0.0584905
13.0798,0.0586643
13.0818,0.0588333
13.0839,0.0590046
13.0859,0.0591802
13.088,0.0593448
13.09,0.0595101
13.092,0.059672
13.094,0.0598388
13.0962,0.0600017
13.0982,0.0601628
13.1002,0.0603351
13.1022,0.0604888
13.1041,0.0606524
13.1061,0.0608151
13.1081,0.060966
13.1101,0.0611273
13.1121,0.0612855
13.1141,0.0614515
13.1161,0.0616163
13.1181,0.0617867
13.1201,0.0619606
13.122,0.0621322
13.1239,0.0622986
13.1259,0.0624638
13.1278,0.0626263
13.1298,0.0627944
13.1317,0.0629585
13.1336,0.0631245
13.1355,0.0632846
13.1374,0.0634508
13.1393,0.0636184
13.1412,0.0637829
13.1431,0.0639401
13.145,0.0641038
13.1469,0.0642793
13.1488,0.064448
13.1508,0.064622
13.1527,0.0648097
13.1547,0.0649885
13.1565,0.0651721
13.1584,0.065353
13.1602,0.0655296
13.162,0.0657144
13.1638,0.0659
13.1656,0.0660788
13.1674,0.0662665
13.1693,0.0664543
13.1712,0.066654
13.1731,0.0668442
13.1749,0.0670364
13.1769,0.0672206
13.1787,0.0674211
13.1806,0.0676119
13.1825,0.0678145
13.1844,0.0680073
13.1863,0.0682046
13.1881,0.0684043
13.1899,0.0685932
13.1917,0.0687859
13.1935,0.0689656
13.1954,0.0691595
13.1971,0.0693502
13.1989,0.0695443
13.2007,0.0697352
13.2025,0.0699371
13.2042,0.0701298
13.206,0.0703203
13.2077,0.070513
13.2096,0.070705
13.2113,0.0708999
13.2131,0.0710984
13.2149,0.0713011
13.2167,0.0715093
13.2185,0.0717165
13.2203,0.0719164
13.222,0.0721171
13.2238,0.0723166
13.2256,0.0725105
13.2275,0.0727036
13.2293,0.0729086
13.231,0.0731084
13.2328,0.0733077
13.2346,0.0735033
13.2363,0.0737101
13.2381,0.0739109
13.2398,0.0741149
13.2415,0.0743117
13.2432,0.0745197
13.2449,0.0747404
13.2466,0.0749533
13.2484,0.0751785
13.2501,0.0753963
13.2519,0.0756229
13.2536,0.075845
13.2553,0.0760712
13.2572,0.0762928
13.2588,0.0765208
13.2607,0.0767434
13.2624,0.0769691
13.2642,0.0771903
13.2658,0.0774104
13.2676,0.0776285
13.2693,0.0778439
13.271,0.0780675
13.2728,0.0782734
13.2744,0.078495
13.2762,0.0787133
13.2778,0.0789343
13.2795,0.0791521
13.2811,0.0793763
13.2827,0.0795875
13.2844,0.0798062
13.2861,0.0800388
13.2877,0.0802542
13.2894,0.0804796
13.2911,0.0806989
13.2927,0.0809113
13.2944,0.081133
13.296,0.0813505
13.2976,0.0815602
13.2993,0.0817735
13.3008,0.0819981
13.3024,0.0822241
13.304,0.0824573
13.3056,0.0826913
13.3073,0.0829213
13.3089,0.0831569
13.3106,0.0833856
13.3123,0.0836182
13.3139,0.0838561
13.3156,0.0840949
13.3172,0.0843242
13.3188,0.0845663
13.3204,0.0848126
13.322,0.0850502
13.3236,0.0852959
13.3253,0.0855381
13.3268,0.0857911
13.3285,0.086029
13.3301,0.0862917
13.3317,0.0865564
13.3334,0.0868178
13.335,0.0870763
13.3366,0.0873374
13.3382,0.0875862
13.3398,0.0878358
13.3414,0.0880878
13.3429,0.0883325
13.3445,0.0885867
13.3462,0.0888343
13.3477,0.0890789
13.3494,0.0893285
13.3511,0.0895791
13.3528,0.0898209
13.3543,0.0900771
13.3559,0.0903213
13.3574,0.0905735
13.359,0.0908206
13.3607,0.0910811
13.3622,0.091339
13.3638,0.0915848
13.3653,0.0918419
13.367,0.0920816
13.3685,0.092328
13.3701,0.0925719
13.3717,0.0928327
13.3732,0.0930821
13.3747,0.0933394
13.3763,0.0935939
13.3778,0.0938367
13.3792,0.0940951
13.3807,0.0943464
13.3822,0.0945971
13.3837,0.0948477
13.3852,0.0951003
13.3867,0.0953507
13.3882,0.0955995
13.3898,0.0958464
13.3913,0.0961064
13.3929,0.0963462
13.3945,0.09659
13.3961,0.0968373
13.3976,0.0970787
13.3991,0.0973195
13.4007,0.097559
13.4022,0.0977988
13.4036,0.0980322
13.4051,0.0982684
13.4066,0.0985093
13.4082,0.0987281
13.4097,0.0989475
13.4113,0.0991591
13.4128,0.0993637
13.4143,0.0995716
13.4159,0.0997787
13.4174,0.099985
13.4188,0.100182
13.4203,0.10039
13.4218,0.100588
13.4233,0.100793
13.4247,0.100997
13.4263,0.101193
13.4278,0.101391
13.4293,0.101594
13.4308,0.101784
13.4323,0.101978
13.4338,0.102181
13.4353,0.102364
13.4367,0.102563
13.4382,0.102753
13.4397,0.102947
13.4412,0.103136
13.4427,0.103326
13.4441,0.103506
13.4456,0.103696
13.4471,0.103887
13.4485,0.104071
13.45,0.10426
13.4514,0.104445
13.4529,0.10463
13.4544,0.10481
13.4558,0.104992
13.4573,0.105179
13.4587,0.105372
13.4601,0.105555
13.4616,0.105752
13.463,0.105944
13.4644,0.106136
13.4659,0.106329
13.4673,0.106526
13.4687,0.106725
13.4701,0.106917
13.4716,0.107116
13.473,0.107307
13.4744,0.10751
13.4758,0.107704
13.4772,0.107903
13.4787,0.108104
13.48,0.108314
13.4815,0.108519
13.4829,0.108725
13.4843,0.108917
13.4857,0.109129
13.4871,0.109339
13.4885,0.109544
13.4899,0.109757
13.4913,0.109965
13.4927,0.11018
13.4941,0.1104
13.4955,0.110625
13.4969,0.110848
13.4983,0.111062
13.4998,0.111285
13.5012,0.111513
13.5026,0.111736
13.504,0.111968
13.5054,0.112196
13.5068,0.112424
13.5081,0.112651
13.5095,0.112892
13.511,0.11312
13.5124,0.113354
13.5137,0.113591
13.5152,0.113843
13.5167,0.114086
13.518,0.114331
13.5194,0.114573
13.5207,0.114814
13.5221,0.115064
13.5234,0.115319
13.5248,0.11556
13.5262,0.115803
13.5276,0.116051
13.5289,0.116298
13.5303,0.116551
13.5317,0.116812
13.5332,0.117056
13.5346,0.117304
13.536,0.11755
13.5373,0.117786
13.5388,0.118047
13.5402,0.118288
13.5415,0.118532
13.5429,0.11879
13.5443,0.119049
13.5457,0.119313
13.547,0.119593
13.5483,0.119862
13.5497,0.120142
13.551,0.120414
13.5523,0.120687
13.5536,0.120972
13.555,0.121241
13.5564,0.121518
13.5578,0.121792
13.5591,0.122068
13.5605,0.122356
13.5618,0.122641
13.5632,0.122917
13.5645,0.123205
13.5659,0.12349
13.5672,0.123787
13.5686,0.12408
13.5699,0.124367
13.5712,0.124674
13.5726,0.124974
13.5738,0.125264
13.5752,0.125571
13.5765,0.125869
13.5778,0.126173
13.5792,0.126465
13.5805,0.126755
13.5818,0.127046
13.5831,0.127322
13.5844,0.127607
13.5857,0.127884
13.5871,0.128141
13.5884,0.128413
13.5898,0.128692
13.5911,0.128957
13.5924,0.129224
13.5937,0.129475
13.595,0.129737
13.5963,0.129984
13.5976,0.130255
13.5989,0.130508
13.6003,0.130748
13.6016,0.131006
13.6029,0.131254
13.6042,0.131505
13.6055,0.13176
13.6069,0.131997
13.6082,0.132244
13.6094,0.132492
13.6107,0.132737
13.6121,0.132961
13.6133,0.133201
13.6147,0.133438
13.6159,0.133675
13.6173,0.133896
13.6185,0.134144
13.6198,0.134366
13.6211,0.134597
13.6223,0.134827
13.6236,0.13506
13.6249,0.135295
13.6262,0.135527
13.6274,0.135748
13.6286,0.135986
13.6298,0.136208
13.6311,0.136434
13.6324,0.136661
13.6337,0.136893
13.6349,0.137113
13.6363,0.137352
13.6375,0.137586
13.6387,0.137815
13.64,0.13804
13.6413,0.138279
13.6426,0.138523
13.6439,0.13875
13.6452,0.138982
13.6466,0.139224
13.6478,0.139461
13.6491,0.139694
13.6504,0.139924
13.6517,0.140156
13.6529,0.140374
13.6541,0.140607
13.6553,0.140834
13.6566,0.141058
13.6579,0.141286
13.6591,0.14152
13.6604,0.141749
13.6617,0.141969
13.6629,0.142188
13.6641,0.142419
13.6654,0.142645
13.6667,0.14287
13.6679,0.143102
13.6692,0.143324
13.6704,0.143549
13.6717,0.143767
13.673,0.143988
13.6743,0.144211
13.6755,0.144433
13.6767,0.144664
13.678,0.144891
13.6792,0.145118
13.6805,0.14533
13.6817,0.145555
13.683,0.145783
13.6844,0.14602
13.6856,0.146245
13.6868,0.146469
13.6881,0.146701
13.6894,0.146925
13.6906,0.147137
13.6918,0.147357
13.693,0.14758
13.6942,0.147803
13.6954,0.14802
13.6966,0.148244
13.6978,0.148469
13.699,0.148684
13.7003,0.148903
13.7015,0.149117
13.7028,0.149338
13.7041,0.149562
13.7053,0.149795
13.7064,0.15002
13.7076,0.150249
13.7089,0.150463
13.7101,0.150682
13.7113,0.1509
13.7125,0.151121
13.7136,0.151355
13.7149,0.151577
13.7161,0.151806
13.7172,0.152024
13.7184,0.152246
13.7196,0.152469
13.7208,0.152688
13.722,0.152913
13.7232,0.153141
13.7245,0.153382
13.7257,0.153603
13.7269,0.153823
13.7281,0.15405
13.7294,0.154286
13.7306,0.154515
13.7319,0.154737
13.7331,0.154972
13.7344,0.155202
13.7356,0.155441
13.7368,0.15566
13.738,0.155887
13.7392,0.15612
13.7404,0.156352
13.7416,0.156581
13.7428,0.156809
13.744,0.157052
13.7453,0.157277
13.7465,0.157509
13.7477,0.157748
13.7489,0.157981
13.7501,0.158222
13.7513,0.158447
13.7525,0.158677
13.7538,0.158911
13.755,0.159156
13.7562,0.159393
13.7574,0.159623
13.7586,0.159862
13.7597,0.160095
13.7609,0.160327
13.7621,0.160553
13.7633,0.160803
13.7645,0.161043
13.7657,0.161285
13.7668,0.161519
13.768,0.161765
13.7692,0.162003
13.7703,0.16222
13.7715,0.162468
13.7728,0.162709
13.7739,0.162952
13.7751,0.163172
13.7764,0.163408
13.7776,0.163634
13.7788,0.163856
13.7799,0.164094
13.7811,0.164325
13.7823,0.164566
13.7835,0.164803
13.7847,0.165041
13.7858,0.165284
13.7871,0.165524
13.7882,0.165763
13.7895,0.165994
13.7907,0.166224
13.7919,0.166466
13.7931,0.166716
13.7943,0.166946
13.7954,0.167164
13.7966,0.167391
13.7977,0.167636
13.799,0.167882
13.8,0.168123
13.8001,0.168346
13.8013,0.168587
13.8024,0.168823
13.8035,0.169064
13.8047,0.169301
13.8059,0.169535
13.8071,0.169767
13.8082,0.169996
13.8095,0.170238
13.8107,0.170469
13.8119,0.170711
13.813,0.170944
13.8142,0.171185
13.8154,0.171413
13.8165,0.171656
13.8177,0.171895
13.8189,0.172127
13.8201,0.172355
13.8212,0.172596
13.8223,0.172844
13.8235,0.173097
13.8248,0.173338
13.826,0.173571
13.8272,0.173827
13.8283,0.174078
13.8295,0.174324
13.8307,0.174568
13.8319,0.174816
13.833,0.175072
13.8342,0.175322
13.8353,0.175567
13.8365,0.175801
13.8377,0.17604
13.8389,0.176278
13.8401,0.176528
13.8412,0.176765
13.8423,0.177005
13.8435,0.177238
13.8447,0.177479
13.8458,0.177713
13.847,0.177951
13.8482,0.178197
13.8494,0.178435
13.8505,0.178675
13.8517,0.17891
13.8528,0.179149
13.854,0.179398
13.8552,0.179632
13.8564,0.179866
13.8576,0.1801
13.8587,0.18034
13.8599,0.18058
13.861,0.180812
13.8621,0.181041
13.8633,0.181277
13.8645,0.181511
13.8656,0.181746
13.8668,0.181987
13.8679,0.182227
13.8691,0.182456
13.8703,0.182694
13.8715,0.182922
13.8727,0.183167
13.8738,0.183397
13.875,0.183624
13.8762,0.18385
13.8774,0.184089
13.8785,0.184308
13.8796,0.184533
13.8807,0.18476
13.8819,0.184979
13.883,0.185203
13.8841,0.185426
13.8852,0.185652
13.8863,0.185876
13.8874,0.186105
13.8886,0.186327
13.8898,0.186553
13.8909,0.186777
13.8921,0.186996
13.8932,0.187222
13.8943,0.187456
13.8954,0.187688
13.8966,0.187912
13.8978,0.188144
13.8989,0.188367
13.9,0.188593
13.9012,0.188841
13.9023,0.189068
13.9035,0.189296
13.9046,0.18952
13.9057,0.189741
13.9069,0.189988
13.908,0.190229
13.9091,0.190464
13.9102,0.19069
13.9114,0.190922
13.9125,0.19115
13.9137,0.191392
13.9148,0.191629
13.9159,0.191862
13.917,0.19209
13.9182,0.192326
13.9193,0.192569
13.9205,0.1928
13.9216,0.19304
13.9227,0.193276
13.9239,0.193519
13.925,0.193746
13.9261,0.193986
13.9273,0.194212
13.9284,0.194457
13.9295,0.194692
13.9307,0.194926
13.9319,0.195157
13.933,0.195388
13.9341,0.195624
13.9353,0.195859
13.9365,0.196096
13.9376,0.19633
13.9388,0.196563
13.9399,0.1968
13.9411,0.197033
13.9422,0.197272
13.9433,0.197513
13.9445,0.197749
13.9456,0.197991
13.9468,0.198234
13.9479,0.198486
13.949,0.198723
13.9501,0.19895
13.9512,0.199187
13.9524,0.199432
13.9535,0.199674
13.9546,0.199912
13.9558,0.200163
13.957,0.200397
13.9582,0.200637
13.9593,0.200881
13.9605,0.201129
13.9616,0.201372
13.9628,0.201628
13.9638,0.201866
13.965,0.202108
13.9661,0.202351
13.9672,0.202593
13.9683,0.202841
13.9695,0.20309
13.9707,0.203341
13.9718,0.203585
13.9729,0.20384
13.974,0.20408
13.9751,0.204332
13.9763,0.204572
13.9774,0.204814
13.9785,0.205073
13.9796,0.20532
13.9808,0.205556
13.9819,0.205809
13.983,0.206058
13.9841,0.206304
13.9852,0.206554
13.9864,0.206794
13.9875,0.207048
13.9886,0.207292
13.9897,0.207545
13.9908,0.207791
13.9919,0.208039
13.9931,0.208285
13.9941,0.208519
13.9952,0.208766
13.9964,0.209013
13.9975,0.209263
13.9986,0.209508
13.9998,0.209761
14.0008,0.21001
14.002,0.210258
14.0031,0.2105
14.0042,0.210755
14.0053,0.211007
14.0065,0.211267
14.0076,0.211513
14.0087,0.211758
14.0099,0.212014
14.011,0.21227
14.0122,0.212527
14.0133,0.212784
14.0144,0.21303
14.0155,0.213287
14.0167,0.213554
14.0178,0.213814
14.0189,0.214074
14.0201,0.214326
14.0212,0.214582
14.0224,0.214853
14.0235,0.215105
14.0246,0.215349
14.0258,0.215611
14.0269,0.215869
14.028,0.216129
14.0292,0.216399
14.0303,0.216661
14.0314,0.216912
14.0325,0.21717
14.0337,0.217433
14.0348,0.217699
14.0359,0.217951
14.0371,0.218199
14.0382,0.218463
14.0394,0.218731
14.0406,0.218999
14.0417,0.219268
14.0428,0.219524
14.0439,0.219783
14.0451,0.220041
14.0462,0.220311
14.0473,0.220574
14.0484,0.220825
14.0495,0.221094
14.0507,0.221355
14.0518,0.221632
14.0529,0.221904
14.054,0.222173
14.0551,0.222435
14.0563,0.222711
14.0574,0.222981
14.0585,0.223246
14.0596,0.223519
14.0608,0.223803
14.0619,0.22408
14.063,0.224368
14.0641,0.224644
14.0652,0.224914
14.0664,0.225185
14.0675,0.225461
14.0687,0.225746
14.0698,0.226028
14.0709,0.22631
14.072,0.22659
14.0732,0.226874
14.0744,0.227155
14.0755,0.227446
14.0766,0.227737
14.0778,0.228019
14.0789,0.228303
14.08,0.228596
14.0811,0.228882
14.0823,0.22918
14.0834,0.229453
14.0845,0.229739
14.0856,0.230039
14.0867,0.230326
14.0879,0.230617
14.089,0.230918
14.0902,0.231186
14.0913,0.231464
14.0925,0.231762
14.0935,0.232047
14.0947,0.232354
14.0959,0.232641
14.097,0.23294
14.0981,0.233222
14.0992,0.233514
14.1003,0.233804
14.1014,0.234103
14.1025,0.234385
14.1036,0.234683
14.1047,0.234967
14.1059,0.23526
14.107,0.235556
14.1081,0.23586
14.1093,0.236148
14.1104,0.236446
14.1115,0.236741
14.1126,0.237025
14.1137,0.237324
14.1149,0.237633
14.116,0.237934
14.1171,0.238227
14.1183,0.238521
14.1194,0.23882
14.1205,0.239116
14.1216,0.23941
14.1227,0.239714
14.1239,0.240008
14.125,0.240307
14.1261,0.240613
14.1273,0.240905
14.1284,0.241215
14.1295,0.241515
14.1306,0.24182
14.1318,0.242123
14.1328,0.242408
14.134,0.242715
14.1351,0.243022
14.1363,0.243324
14.1373,0.24362
14.1385,0.243919
14.1396,0.244215
14.1407,0.244504
14.1418,0.244806
14.1429,0.245102
14.144,0.245394
14.1452,0.24568
14.1463,0.245962
14.1474,0.246247
14.1485,0.246542
14.1496,0.246829
14.1507,0.247114
14.1518,0.247389
14.153,0.247673
14.1541,0.247953
14.1552,0.248237
14.1563,0.248525
14.1575,0.248806
14.1586,0.249099
14.1598,0.24938
14.1609,0.249667
14.1621,0.249951
14.1632,0.250222
14.1644,0.250512
14.1655,0.250796
14.1666,0.251085
14.1677,0.251372
14.1688,0.251667
14.17,0.251965
14.1711,0.252247
14.1722,0.252537
14.1734,0.252831
14.1745,0.253117
14.1756,0.253393
14.1767,0.253678
14.1779,0.253981
14.179,0.254274
14.1801,0.254562
14.1813,0.254848
14.1824,0.255153
14.1836,0.255434
14.1847,0.25572
14.1858,0.256014
14.187,0.256304
14.1882,0.256588
14.1893,0.256877
14.1904,0.257172
14.1916,0.257451
14.1927,0.257746
14.1938,0.25803
14.195,0.258322
14.1961,0.258604
14.1973,0.258889
14.1985,0.259173
14.1996,0.259442
14.2007,0.259724
14.2019,0.260009
14.203,0.260298
14.2041,0.26058
14.2052,0.260863
14.2063,0.261162
14.2075,0.261445
14.2086,0.261734
14.2097,0.262009
14.2108,0.262307
14.2119,0.262587
14.213,0.262871
14.2142,0.263174
14.2153,0.263465
14.2164,0.263754
14.2176,0.264051
14.2187,0.264341
14.2199,0.26464
14.221,0.26494
14.2222,0.265244
14.2233,0.265547
14.2244,0.265847
14.2256,0.266153
14.2267,0.266463
14.2279,0.266776
14.229,0.267089
14.23,0.267402
14.2312,0.267714
14.2324,0.268031
14.2334,0.268361
14.2346,0.268677
14.2357,0.268999
14.2368,0.269307
14.2379,0.26962
14.239,0.269944
14.2402,0.270279
14.2414,0.270619
14.2424,0.27095
14.2436,0.271264
14.2448,0.271577
14.2459,0.271914
14.247,0.272259
14.2483,0.272585
14.2494,0.272894
14.2505,0.273236
14.2517,0.273567
14.2528,0.273898
14.254,0.274231
14.2551,0.274562
14.2563,0.274888
14.2574,0.275218
14.2586,0.27554
14.2597,0.275868
14.2608,0.276204
14.262,0.276522
14.2632,0.276861
14.2643,0.277197
14.2655,0.277527
14.2667,0.277855
14.2679,0.27819
14.2691,0.278529
14.2702,0.27886
14.2714,0.279215
14.2726,0.27954
14.2737,0.279869
14.2748,0.280227
14.276,0.280585
14.2771,0.280929
14.2782,0.28127
14.2793,0.281623
14.2804,0.28199
14.2815,0.282358
14.2827,0.282715
14.2839,0.283075
14.285,0.283433
14.2862,0.283797
14.2873,0.284164
14.2884,0.284527
14.2895,0.284899
14.2907,0.285279
14.2918,0.285647
14.293,0.286025
14.2941,0.286404
14.2953,0.286763
14.2964,0.287135
14.2975,0.287528
14.2987,0.287897
14.2999,0.288265
14.301,0.288635
14.3022,0.289015
14.3034,0.289397
14.3045,0.289764
14.3057,0.290145
14.3069,0.290519
14.3081,0.290899
14.3093,0.291277
14.3104,0.291651
14.3115,0.292037
14.3127,0.292399
14.3138,0.292787
14.315,0.293176
14.3161,0.293567
14.3172,0.293937
14.3183,0.294322
14.3195,0.294708
14.3207,0.295101
14.3218,0.295516
14.3229,0.295903
14.324,0.296292
14.3252,0.296708
14.3263,0.29711
14.3275,0.297486
14.3286,0.297871
14.3298,0.29827
14.3309,0.298666
14.3321,0.299084
14.3332,0.299481
14.3343,0.299852
14.3355,0.300261
14.3367,0.300683
14.3379,0.301073
14.339,0.301464
14.3402,0.301858
14.3413,0.302268
14.3425,0.3027
14.3437,0.303091
14.3448,0.30351
14.346,0.303901
14.3472,0.304315
14.3483,0.304713
14.3495,0.305124
14.3507,0.305514
14.3519,0.305924
14.3531,0.306329
14.3543,0.306728
14.3554,0.307124
14.3566,0.307527
14.3577,0.307941
14.3589,0.308324
14.3601,0.308708
14.3613,0.309109
14.3625,0.309497
14.3637,0.309928
14.3649,0.310316
14.366,0.310712
14.3673,0.311101
14.3685,0.311489
14.3696,0.311881
14.3708,0.312274
14.3719,0.31267
14.3731,0.313059
14.3743,0.313446
14.3754,0.313836
14.3766,0.314237
14.3778,0.314631
14.379,0.315008
14.3801,0.315404
14.3813,0.315796
14.3824,0.316187
14.3836,0.316597
14.3848,0.316988
14.386,0.317404
14.3872,0.317786
14.3883,0.318206
14.3895,0.318604
14.3907,0.319012
14.3919,0.319405
14.3931,0.319818
14.3942,0.320216
14.3955,0.32063
14.3967,0.321013
14.3979,0.321428
14.3991,0.321816
14.4003,0.322213
14.4015,0.322621
14.4027,0.323006
14.4039,0.323408
14.4051,0.323829
14.4062,0.324234
14.4074,0.324632
14.4087,0.325025
14.4098,0.325419
14.411,0.325839
14.4122,0.326237
14.4134,0.326647
14.4146,0.327035
14.4157,0.327447
14.4169,0.327857
14.4181,0.328256
14.4193,0.328661
14.4204,0.329039
14.4217,0.329441
14.4228,0.329847
14.424,0.33025
14.4251,0.330665
14.4263,0.331051
14.4276,0.331449
14.4287,0.331853
14.4299,0.332261
14.4311,0.332681
14.4323,0.333074
14.4334,0.333472
14.4346,0.333902
14.4358,0.334311
14.437,0.334706
14.4382,0.335117
14.4394,0.335514
14.4406,0.335941
14.4417,0.33635
14.4429,0.336749
14.4441,0.337164
14.4454,0.337577
14.4466,0.337977
14.4478,0.338409
14.449,0.338804
14.4502,0.339203
14.4515,0.339584
14.4527,0.339996
14.454,0.340427
14.4552,0.340828
14.4564,0.34124
14.4577,0.341648
14.4589,0.342062
14.4601,0.342483
14.4613,0.342886
14.4626,0.343301
14.4638,0.34372
14.465,0.344131
14.4662,0.344562
14.4675,0.34496
14.4686,0.345391
14.4698,0.345784
14.471,0.346193
14.4722,0.346601
14.4735,0.347002
14.4747,0.34742
14.4759,0.347827
14.477,0.348254
14.4783,0.34869
14.4795,0.349109
14.4807,0.349538
14.4819,0.349935
14.4832,0.350377
14.4844,0.350804
14.4856,0.351252
14.4869,0.351703
14.4881,0.352124
14.4894,0.352562
14.4907,0.353016
14.4919,0.353463
14.493,0.353919
14.4943,0.354358
14.4955,0.354802
14.4967,0.355259
14.4979,0.355739
14.4991,0.356202
14.5003,0.356656
14.5015,0.357121
14.5027,0.357574
14.504,0.358044
14.5052,0.358489
14.5065,0.358959
14.5078,0.359438
14.509,0.359921
14.5102,0.360396
14.5115,0.360861
14.5127,0.361308
14.5139,0.361774
14.5151,0.362264
14.5164,0.362734
14.5176,0.363211
14.5189,0.363679
14.5201,0.364196
14.5214,0.364701
14.5227,0.36519
14.5239,0.365666
14.5252,0.366147
14.5265,0.366656
14.5277,0.367192
14.5289,0.367732
14.5302,0.368231
14.5314,0.36875
14.5327,0.369273
14.5339,0.369793
14.5352,0.37032
14.5364,0.370856
14.5377,0.3714
14.539,0.371915
14.5402,0.372445
14.5415,0.372973
14.5427,0.373528
14.544,0.374057
14.5453,0.374584
14.5465,0.37511
14.5478,0.375635
14.549,0.376162
14.5503,0.376667
14.5516,0.377186
14.5529,0.377737
14.5541,0.378254
14.5554,0.378778
14.5567,0.379281
14.5581,0.379799
14.5594,0.3803
14.5606,0.38081
14.5619,0.38133
14.5632,0.381855
14.5645,0.382365
14.5658,0.382867
14.5671,0.383389
14.5684,0.383915
14.5696,0.384421
14.571,0.384916
14.5723,0.385415
14.5736,0.385914
14.5749,0.386431
14.5762,0.386937
14.5774,0.387444
14.5787,0.387941
14.58,0.388421
14.5813,0.388915
14.5826,0.389393
14.5839,0.389862
14.5852,0.390337
14.5865,0.390833
14.5878,0.391312
14.589,0.391831
14.5903,0.392305
14.5916,0.392775
14.5929,0.393253
14.5941,0.393725
14.5955,0.394203
14.5968,0.394683
14.5981,0.395174
14.5995,0.39565
14.6008,0.396117
14.6021,0.3966
14.6034,0.39708
14.6047,0.397557
14.606,0.398047
14.6074,0.398523
14.6087,0.398982
14.61,0.399436
14.6114,0.399897
14.6127,0.400395
14.614,0.400874
14.6153,0.401348
14.6166,0.401814
14.618,0.402287
14.6193,0.402758
14.6206,0.403225
14.6219,0.403709
14.6232,0.404169
14.6245,0.404601
14.6259,0.405068
14.6272,0.405542
14.6285,0.406015
14.6298,0.406484
14.6311,0.406944
14.6325,0.407418
14.6338,0.407872
14.6352,0.408332
14.6365,0.408789
14.6378,0.409258
14.6391,0.409711
14.6405,0.410167
14.6419,0.410623
14.6432,0.411107
14.6445,0.411562
14.6459,0.412032
14.6472,0.412511
14.6485,0.412979
14.6499,0.413447
14.6513,0.413894
14.6526,0.414355
14.654,0.414806
14.6553,0.415264
14.6567,0.415747
14.6581,0.416238
14.6594,0.416696
14.6607,0.417164
14.6621,0.417609
14.6635,0.418064
14.6649,0.418552
14.6662,0.419027
14.6676,0.419492
14.669,0.41993
14.6703,0.420398
14.6717,0.420896
14.6732,0.421365
14.6746,0.421862
14.6759,0.422319
14.6774,0.422767
14.6787,0.423241
14.6801,0.423726
14.6814,0.424195
14.6828,0.424677
14.6841,0.425129
14.6855,0.425595
14.6869,0.426092
14.6883,0.426572
14.6897,0.427046
14.6911,0.427525
14.6925,0.42802
14.6939,0.428498
14.6953,0.428986
14.6966,0.429493
14.698,0.429975
14.6995,0.430444
14.7008,0.430956
14.7022,0.431477
14.7035,0.431998
14.705,0.432493
14.7064,0.432986
14.7078,0.433503
14.7093,0.434014
14.7107,0.434548
14.7121,0.435075
14.7136,0.435581
14.7149,0.436085
14.7163,0.436615
14.7177,0.437133
14.7192,0.437648
14.7207,0.438168
14.7221,0.438692
14.7235,0.439205
14.725,0.439742
14.7263,0.440262
14.7278,0.440779
14.7292,0.441312
14.7306,0.44184
14.7321,0.442392
14.7335,0.442923
14.7349,0.443436
14.7363,0.443974
14.7378,0.444525
14.7392,0.445051
14.7406,0.445598
14.7422,0.44613
14.7436,0.446672
14.745,0.447197
14.7465,0.447751
14.748,0.448283
14.7494,0.448849
14.7508,0.44938
14.7523,0.449918
14.7537,0.45047
14.7552,0.451037
14.7567,0.451574
14.7582,0.452118
14.7596,0.452666
14.7611,0.453224
14.7625,0.453777
14.764,0.454331
14.7654,0.454914
14.7668,0.455485
14.7683,0.456042
14.7698,0.456603
14.7713,0.457175
14.7728,0.457751
14.7742,0.458338
14.7757,0.458931
14.7772,0.4595
14.7787,0.460068
14.7801,0.460637
14.7816,0.461225
14.7831,0.46183
14.7845,0.462426
14.786,0.463028
14.7875,0.463601
14.789,0.464151
14.7906,0.464751
14.792,0.465365
14.7935,0.465967
14.7949,0.466575
14.7965,0.467162
14.798,0.467738
14.7994,0.468361
14.801,0.468986
14.8025,0.469613
14.804,0.47022
14.8055,0.470843
14.8071,0.471467
14.8085,0.472103
14.8101,0.472709
14.8116,0.473315
14.8131,0.473946
14.8147,0.474566
14.8161,0.475214
14.8176,0.475821
14.8191,0.476441
14.8206,0.477079
14.8221,0.477676
14.8236,0.478334
14.8251,0.47897
14.8266,0.479614
14.8282,0.480284
14.8297,0.48093
14.8313,0.481585
14.8328,0.482236
14.8343,0.482888
14.8358,0.483548
14.8374,0.484193
14.8389,0.484844
14.8405,0.485499
14.8421,0.486186
14.8436,0.486849
14.8453,0.487486
14.8468,0.488139
14.8484,0.488784
14.8499,0.489437
14.8515,0.49007
14.853,0.490734
14.8546,0.491374
14.8562,0.492054
14.8578,0.492706
14.8593,0.493357
14.8609,0.494002
14.8625,0.494643
14.8641,0.4953
14.8656,0.495937
14.8672,0.496577
14.8688,0.497215
14.8704,0.497853
14.872,0.498526
14.8736,0.49913
14.8752,0.499754
14.8767,0.500384
14.8784,0.50101
14.88,0.501631
14.8816,0.502275
14.8832,0.502886
14.8847,0.503511
14.8863,0.504141
14.8879,0.504744
14.8896,0.505357
14.8912,0.505977
14.8928,0.506601
14.8944,0.507222
14.896,0.507849
14.8976,0.508449
14.8993,0.509092
14.9009,0.509705
14.9025,0.510322
14.9041,0.510991
14.9058,0.511581
14.9074,0.512205
14.9091,0.512834
14.9107,0.513461
14.9124,0.514083
14.9141,0.514715
14.9157,0.515327
14.9174,0.515962
14.919,0.516618
14.9206,0.517265
14.9222,0.517918
14.9238,0.518556
14.9255,0.519177
14.9271,0.519849
14.9287,0.52052
14.9304,0.52117
14.9321,0.521835
14.9338,0.522482
14.9355,0.523148
14.9371,0.523811
14.9388,0.524487
14.9405,0.525137
14.9422,0.525788
14.9438,0.526483
14.9455,0.527199
14.9472,0.527867
14.9488,0.528545
14.9505,0.529255
14.9522,0.529927
14.954,0.530627
14.9557,0.531307
14.9574,0.531957
14.9591,0.532664
14.9608,0.53339
14.9625,0.534058
14.9642,0.534733
14.9659,0.535427
14.9677,0.536106
14.9694,0.536815
14.971,0.53752
14.9727,0.538199
14.9744,0.538872
14.9761,0.539612
14.9779,0.540331
14.9797,0.541041
14.9815,0.541715
14.9832,0.542384
14.985,0.543101
14.9868,0.543848
14.9885,0.544526
14.9902,0.545248
14.992,0.545988
14.9938,0.546721
14.9955,0.547446
14.9973,0.548149
14.999,0.548838
15.0008,0.549556
15.0027,0.550304
15.0045,0.551035
15.0062,0.551755
15.008,0.552485
15.0098,0.553246
15.0116,0.553988
15.0133,0.55473
15.015,0.555448
15.0168,0.556175
15.0186,0.556919
15.0205,0.557656
15.0223,0.558378
15.0241,0.559135
15.026,0.559918
15.0278,0.560654
15.0295,0.56142
15.0314,0.562154
15.0332,0.562862
15.035,0.563605
15.0368,0.564374
15.0387,0.56511
15.0404,0.565818
15.0423,0.566537
15.0441,0.567256
15.046,0.567976
15.0478,0.568717
15.0497,0.569428
15.0515,0.570177
15.0534,0.570911
15.0552,0.571656
15.057,0.57239
15.0589,0.573127
15.0607,0.57389
15.0625,0.574647
15.0643,0.575408
15.0663,0.576133
15.0683,0.576861
15.0701,0.577615
15.072,0.578381
15.0738,0.579162
15.0758,0.579895
15.0777,0.580652
15.0795,0.581413
15.0814,0.582179
15.0832,0.582932
15.0851,0.583681
15.0871,0.584447
15.0891,0.585226
15.091,0.586004
15.0929,0.586744
15.0949,0.587494
15.0968,0.588277
15.0987,0.589042
15.1007,0.589814
15.1027,0.590535
15.1047,0.591262
15.1066,0.591969
15.1086,0.592733
15.1106,0.593454
15.1125,0.594163
15.1144,0.594877
15.1164,0.595628
15.1183,0.596386
15.1203,0.597128
15.1223,0.597817
15.1243,0.598524
15.1263,0.59927
15.1283,0.600028
15.1302,0.600801
15.1322,0.601533
15.1342,0.602278
15.1362,0.603032
15.1383,0.603801
15.1402,0.604579
15.1423,0.605324
15.1443,0.606076
15.1463,0.606866
15.1483,0.607611
15.1503,0.608353
15.1523,0.609106
15.1543,0.60986
15.1564,0.610668
15.1584,0.611464
15.1605,0.612236
15.1625,0.613003
15.1646,0.613744
15.1666,0.614514
15.1687,0.615326
15.1708,0.616081
15.1729,0.616825
15.1751,0.617568
15.1771,0.618348
15.1792,0.619109
15.1814,0.619904
15.1835,0.620663
15.1857,0.621405
15.1878,0.62219
15.19,0.622968
15.1921,0.623767
15.1941,0.624563
15.1962,0.625318
15.1983,0.626125
15.2005,0.626923
15.2026,0.627717
15.2048,0.62848
15.207,0.629308
15.2092,0.630108
15.2113,0.630892
15.2135,0.631704
15.2157,0.632545
15.2179,0.633407
15.2201,0.634207
15.2223,0.635035
15.2245,0.635848
15.2267,0.636656
15.2288,0.637494
15.231,0.638309
15.2333,0.63913
15.2355,0.639957
15.2378,0.640779
15.24,0.641621
15.2422,0.642436
15.2444,0.643269
15.2466,0.644125
15.2488,0.64497
15.2511,0.645829
15.2533,0.646677
15.2555,0.647528
15.2578,0.648357
15.2602,0.649242
15.2624,0.650103
15.2648,0.650981
15.2671,0.651854
15.2695,0.652727
15.2718,0.653597
15.2742,0.654462
15.2765,0.655352
15.2788,0.656282
15.2811,0.657189
15.2836,0.658119
15.2859,0.659043
15.2882,0.659998
15.2906,0.660945
15.293,0.661896
15.2953,0.662846
15.2977,0.663818
15.3,0.664754
15.3025,0.665716
15.3049,0.666694
15.3074,0.66762
15.3099,0.668558
15.3124,0.6695
15.3148,0.67042
15.3172,0.671395
15.3196,0.672374
15.3221,0.673363
15.3246,0.674354
15.327,0.675307
15.3295,0.676378
15.3319,0.677382
15.3344,0.678409
15.337,0.679412
15.3394,0.680447
15.342,0.681513
15.3445,0.682573
15.3469,0.683636
15.3495,0.684709
15.3521,0.685792
15.3546,0.686875
15.3572,0.687985
15.3599,0.689081
15.3623,0.690213
15.3648,0.691385
15.3674,0.692567
15.3701,0.69364
15.3727,0.694771
15.3752,0.695821
15.3779,0.696951
15.3806,0.698086
15.3832,0.699199
15.3859,0.700344
15.3886,0.701454
15.3912,0.702606
15.3938,0.703734
15.3964,0.704841
15.3989,0.705948
15.4017,0.707053
15.4044,0.708252
15.4071,0.709407
15.4098,0.710491
15.4126,0.711618
15.4153,0.712799
15.418,0.714004
15.4208,0.715166
15.4235,0.716342
15.4264,0.717544
15.4292,0.718691
15.4319,0.719869
15.4347,0.721081
15.4375,0.72221
15.4401,0.723434
15.4428,0.724609
15.4455,0.725816
15.4483,0.726993
15.4512,0.728181
15.4541,0.72944
15.4569,0.730652
15.4599,0.73183
15.4626,0.733035
15.4654,0.734279
15.4685,0.735531
15.4715,0.736695
15.4744,0.737984
15.4775,0.73919
15.4802,0.740404
15.4831,0.741618
15.4862,0.742871
15.489,0.744147
15.492,0.745388
15.495,0.746695
15.4981,0.747958
15.5012,0.749198
15.5043,0.750467
15.5072,0.751796
15.5102,0.753111
15.5131,0.754404
15.5162,0.755728
15.5194,0.757097
15.5225,0.758475
15.5256,0.759766
15.5286,0.761155
15.5317,0.762558
15.5348,0.763923
15.5378,0.765307
15.541,0.766758
15.5441,0.768133
15.5473,0.769563
15.5505,0.771002
15.5537,0.772465
15.5569,0.773925
15.5601,0.775497
15.5634,0.776975
15.5667,0.778438
15.5699,0.779917
15.5732,0.781408
15.5765,0.782936
15.5799,0.784483
15.5832,0.786058
15.5865,0.787642
15.59,0.789226
15.5934,0.790871
15.5967,0.792459
15.6001,0.794051
15.6034,0.795688
15.6068,0.797242
15.6103,0.798857
15.6137,0.800471
15.6171,0.802161
15.6206,0.803752
15.6241,0.805432
15.6276,0.807101
15.6312,0.808734
15.6346,0.81041
15.6381,0.812083
15.6417,0.813753
15.6452,0.815503
15.6489,0.817167
15.6525,0.81887
15.6561,0.820532
15.6597,0.822231
15.6634,0.824005
15.6671,0.825788
15.671,0.827637
15.6746,0.829447
15.6783,0.831273
15.682,0.833042
15.6857,0.834902
15.6896,0.836759
15.6933,0.838627
15.6971,0.840465
15.701,0.842309
15.7047,0.844171
15.7088,0.845993
15.7127,0.847825
15.7165,0.849691
15.7206,0.851522
15.7243,0.853435
15.7283,0.85525
15.7321,0.857107
15.7362,0.858928
15.7403,0.860749
15.7444,0.862558
15.7485,0.864456
15.7525,0.8663
15.7565,0.868172
15.7606,0.870097
15.7646,0.871996
15.7687,0.873929
15.773,0.8759
15.7772,0.877848
15.7813,0.879813
15.7855,0.881769
15.7898,0.883802
15.7942,0.885835
15.7984,0.887829
15.8027,0.889961
15.807,0.891948
15.8113,0.893905
15.8159,0.895943
15.8203,0.897924
15.8247,0.899921
15.8292,0.901966
15.8338,0.903894
15.8385,0.905906
15.8432,0.907946
15.8478,0.909981
15.8524,0.911976
15.857,0.913968
15.8617,0.916078
15.8665,0.918209
15.8715,0.920269
15.8761,0.922411
15.8809,0.924532
15.8859,0.926544
15.8908,0.928693
15.8955,0.930866
15.9001,0.932969
15.905,0.935096
15.91,0.937263
15.9152,0.939377
15.9201,0.941306
15.925,0.9434
15.93,0.945514
15.935,0.947563
15.9402,0.949505
15.9455,0.951554
15.9505,0.953588
15.9561,0.955696
15.9614,0.957798
15.967,0.959896
15.9725,0.961994
15.9781,0.964148
15.9837,0.966392
15.9892,0.968495
15.9948,0.970652
16.0002,0.972892
16.0057,0.975154
16.0112,0.977267
16.017,0.979472
16.0225,0.981703
16.0283,0.98385
16.0344,0.98615
16.0401,0.988369
16.046,0.990477
16.0521,0.992589
16.0581,0.994773
16.0644,0.997009
16.0708,0.999156
16.077,1.00133
16.0834,1.00358
16.0897,1.00587
16.096,1.00828
16.1021,1.01075
16.1085,1.01299
16.1151,1.0154
16.1217,1.01795
16.1284,1.02044
16.1352,1.02292
16.1417,1.02544
16.1482,1.028
16.155,1.03076
16.1618,1.03344
16.1689,1.03613
16.1761,1.03875
16.1831,1.04142
16.19,1.04405
16.1972,1.04686
16.2045,1.04973
16.2124,1.05261
16.22,1.05545
16.2274,1.05854
16.2349,1.06162
16.2425,1.06465
16.25,1.06768
16.2578,1.07102
16.2657,1.07427
16.2735,1.0775
16.2815,1.0809
16.2898,1.08458
16.298,1.08796
16.3065,1.09147
16.3146,1.09487
16.3232,1.09853
16.3316,1.10216
16.3408,1.10599
16.3494,1.11007
16.3587,1.11402
16.3676,1.11787
16.3768,1.12193
16.3856,1.12584
16.395,1.13023
16.4045,1.1344
16.414,1.13881
16.4234,1.14303
16.433,1.14717
16.4435,1.15134
16.4535,1.15557
16.464,1.15989
16.4746,1.16424
16.4849,1.16851
16.4948,1.17273
16.5056,1.17698
16.5162,1.1813
16.5273,1.1857
16.5385,1.19037
16.5498,1.19481
16.562,1.19937
16.5733,1.20372
16.5854,1.20845
16.5975,1.21307
16.6104,1.2179
16.6224,1.22264
16.6357,1.22755
16.6491,1.23235
16.6616,1.23721
16.6749,1.24215
16.6888,1.24744
16.7028,1.25269
16.7167,1.25774
16.7306,1.26334
16.745,1.26867
16.7607,1.27432
16.7754,1.28014
16.7919,1.28598
16.8076,1.29187
16.8237,1.29767
16.8403,1.30423
16.8575,1.31078
16.8744,1.31775
16.893,1.32486
16.9113,1.33245
16.9303,1.34014
16.9502,1.34797
16.9703,1.35595
16.9904,1.36437
17.0112,1.37373
17.0341,1.38378
17.0568,1.39412
17.079,1.40558
17.1032,1.4171
17.1284,1.42945
17.1545,1.44389
17.1817,1.45972
17.2108,1.47834
17.2383,1.49822
17.2682,1.52113
17.3008,1.5491
17.3337,1.57883
17.3677,1.61169
17.4035,1.64509
17.4441,1.67732
17.4835,1.7043
17.5278,1.72881
17.5796,1.7526
17.63,1.77524
17.6884,1.80035
17.7492,1.82784
17.8178,1.85702
17.8914,1.89062
17.9768,1.93293
18.0787,1.98817
18.1952,2.05966
18.3393,2.14465
18.5386,2.22919
18.8489,2.32742
19.4105,2.46762
20.1845,2.67571
