OriginTime,MinWait
13.8,0.000440997
14.5096,0.00360463
14.7904,0.00393303
15.9726,0.00482676
15.9765,0.00753981
16.3184,0.00821873
16.3736,0.00883359
16.8198,0.00952705
16.9095,0.0106279
17.0217,0.0114172
17.1814,0.0121194
17.3372,0.0121581
17.3451,0.0126785
17.9016,0.0144468
18.0769,0.016198
18.4448,0.0163042
18.478,0.0173622
18.5432,0.0207131
18.5981,0.020732
18.6788,0.0208756
18.8445,0.021004
18.9174,0.0210197
18.9481,0.0214922
18.9863,0.0218375
19.021,0.0219455
19.0549,0.0221535
19.0883,0.0229654
19.2062,0.0234582
19.3599,0.0241654
19.3778,0.0246145
19.4056,0.0248972
19.4391,0.0259174
19.4723,0.0267996
19.5485,0.0268364
19.5513,0.0269035
19.5717,0.0270958
19.6838,0.027788
19.8925,0.0278986
19.9164,0.0289968
19.9211,0.0290177
19.9384,0.0310067
19.978,0.0311792
20.1056,0.0319291
20.1149,0.032202
20.2553,0.0334182
20.2744,0.0338257
20.3193,0.0344476
20.3204,0.0353883
20.3681,0.0370023
20.3707,0.0374726
20.3754,0.038332
20.3778,0.0384641
20.4719,0.0408599
20.4954,0.040864
20.5518,0.0431949
20.5564,0.0443499
20.5858,0.0449327
20.6182,0.0481502
20.6878,0.0483137
20.7114,0.0508665
20.7293,0.0517382
20.7464,0.0528865
20.7478,0.0551175
20.7575,0.0559519
20.8589,0.057245
20.9003,0.0585125
20.9102,0.0587123
21.0424,0.059052
21.0441,0.0617207
21.0558,0.0625054
21.1445,0.0631263
21.1455,0.0632273
21.1465,0.0634126
21.1784,0.0634195
21.1827,0.0635238
21.1985,0.0647431
21.2806,0.0670507
21.2853,0.0684052
21.3128,0.0689239
21.3421,0.0693459
21.3592,0.0694095
21.4352,0.0716084
21.4691,0.0717805
21.4699,0.0720043
21.4792,0.0727791
21.4926,0.0743841
21.5381,0.0758852
21.5599,0.0766013
21.5863,0.0766991
21.6485,0.0782995
21.6662,0.0785145
21.6936,0.0785178
21.6965,0.0789852
21.719,0.0794454
21.7253,0.0797941
21.7383,0.0810908
21.7499,0.0819042
21.7991,0.0822108
21.8073,0.083315
21.8123,0.084706
21.8333,0.0850443
21.8621,0.086712
21.863,0.0869983
21.8678,0.0872545
21.8718,0.0877858
21.9176,0.0883806
21.9317,0.0917301
21.9508,0.0934823
21.9555,0.0940639
21.9659,0.0941742
22.0127,0.0949785
22.0472,0.0956147
22.0605,0.0959085
22.106,0.0964724
22.1279,0.0989444
22.1392,0.0994676
22.1399,0.09947
22.1455,0.0995753
22.1752,0.100903
22.1777,0.101723
22.2336,0.102517
22.2369,0.10257
22.2372,0.104608
22.2534,0.10493
22.2953,0.105781
22.3128,0.106356
22.3232,0.10676
22.3415,0.107036
22.3423,0.10747
22.3617,0.107651
22.4389,0.108086
22.4579,0.109676
22.4766,0.110847
22.5074,0.11213
22.5238,0.113778
22.5726,0.116957
22.5876,0.12084
22.6238,0.125515
22.6286,0.126457
22.6788,0.126955
22.6954,0.128158
22.6974,0.129045
22.7132,0.129171
22.7203,0.129767
22.7233,0.130141
22.7401,0.131989
22.7425,0.132901
22.7624,0.136471
22.836,0.136554
22.8531,0.137851
22.8788,0.138407
22.8908,0.138669
22.9061,0.139547
22.9188,0.144055
22.9221,0.144786
22.9472,0.145583
22.9662,0.14618
22.9739,0.147225
23.018,0.148487
23.027,0.149784
23.0409,0.150423
23.0473,0.152541
23.0581,0.153388
23.0684,0.155154
23.1225,0.15649
23.1322,0.159107
23.1451,0.159569
23.1529,0.16153
23.1771,0.161739
23.1799,0.162445
23.1874,0.162457
23.2124,0.165837
23.2296,0.166191
23.2502,0.167627
23.255,0.168512
23.2668,0.172136
23.2676,0.177314
23.2831,0.180902
23.2946,0.181487
23.298,0.181628
23.3813,0.182122
23.3871,0.182457
23.3933,0.183148
23.4129,0.18424
23.4138,0.18546
23.4194,0.185929
23.424,0.186428
23.4279,0.187027
23.4339,0.187212
23.4341,0.193533
23.4518,0.193553
23.4588,0.194047
23.4594,0.19479
23.4712,0.195305
23.4768,0.196137
23.4903,0.19758
23.4944,0.198161
23.5101,0.198254
23.5109,0.20006
23.5263,0.20092
23.5397,0.201112
23.5413,0.203559
23.5433,0.205354
23.5438,0.205592
23.5573,0.206899
23.5633,0.207288
23.5817,0.2073
23.5933,0.207335
23.6095,0.209069
23.6123,0.211086
23.6232,0.212188
23.6271,0.212227
23.6336,0.214828
23.6617,0.215087
23.6647,0.216867
23.6852,0.218191
23.6987,0.218908
23.7047,0.219604
23.7122,0.220196
23.7207,0.221169
23.7222,0.221861
23.725,0.222297
23.734,0.224161
23.7352,0.22664
23.739,0.227648
23.7486,0.231439
23.7506,0.232389
23.7885,0.232957
23.8058,0.233891
23.833,0.234021
23.8404,0.234192
23.842,0.234229
23.8514,0.235713
23.8531,0.236604
23.8569,0.238403
23.8573,0.239225
23.8786,0.239576
23.8832,0.24134
23.8863,0.24177
23.8935,0.244569
23.9269,0.245648
23.9272,0.246352
23.9405,0.246758
23.9542,0.249036
23.9566,0.250471
23.9566,0.250926
23.9765,0.251864
23.9908,0.25261
24.0155,0.253062
24.0588,0.253143
24.0608,0.25637
24.065,0.257483
24.075,0.257664
24.0777,0.259426
24.0857,0.260193
24.0966,0.260516
24.1062,0.261448
24.1076,0.263656
24.1141,0.26552
24.1207,0.265987
24.1545,0.268137
24.1588,0.268523
24.1605,0.268554
24.1624,0.27005
24.1642,0.270359
24.1655,0.271493
24.1675,0.271748
24.1715,0.272127
24.1945,0.273821
24.2004,0.280064
24.2173,0.281166
24.2262,0.282083
24.2394,0.282092
24.254,0.282676
24.2574,0.28269
24.2614,0.283489
24.2617,0.286008
24.2629,0.28637
24.2851,0.286427
24.2994,0.286938
24.3024,0.288217
24.3043,0.289239
24.321,0.291678
24.3364,0.291911
24.3396,0.292126
24.3598,0.294524
24.3702,0.295027
24.3762,0.296313
24.378,0.29723
24.3784,0.298858
24.3816,0.300659
24.392,0.301523
24.3967,0.302027
24.4019,0.302912
24.4181,0.304567
24.4236,0.305369
24.4265,0.305511
24.505,0.305577
24.5102,0.305784
24.5112,0.306562
24.5118,0.306587
24.5321,0.311217
24.5363,0.312495
24.5371,0.312893
24.5482,0.313239
24.554,0.313774
24.5555,0.314396
24.5614,0.314988
24.5621,0.315508
24.5687,0.315679
24.5701,0.315869
24.5764,0.317541
24.5794,0.319451
24.5824,0.320004
24.5827,0.320582
24.5958,0.320694
24.6025,0.32133
24.6042,0.321469
24.6159,0.322718
24.6175,0.323634
24.6179,0.324737
24.6213,0.32607
24.6298,0.32642
24.6314,0.330728
24.6319,0.331726
24.6354,0.334198
24.6402,0.339079
24.6439,0.341913
24.6669,0.342501
24.6673,0.343194
24.6701,0.343411
24.6853,0.344935
24.7147,0.345134
24.7195,0.345215
24.7225,0.345535
24.7354,0.346052
24.747,0.346748
24.7792,0.346907
24.7804,0.348004
24.7831,0.348182
24.7876,0.348335
24.7898,0.348362
24.7946,0.348955
24.7951,0.349468
24.7981,0.349786
24.8315,0.350834
24.8357,0.351186
24.8393,0.351319
24.8531,0.351431
24.8624,0.351679
24.8789,0.352089
24.8828,0.353769
24.8832,0.354106
24.8961,0.354423
24.8988,0.355844
24.9012,0.357392
24.9025,0.357562
24.9058,0.358583
24.9095,0.360018
24.9168,0.360825
24.9457,0.362776
24.9504,0.362974
24.959,0.36358
24.9599,0.365195
24.9657,0.365532
24.9665,0.366537
24.9696,0.367062
24.9724,0.369754
24.9739,0.369989
24.9807,0.370347
24.9809,0.371381
24.9825,0.371456
24.9932,0.372662
24.9994,0.372786
25.0141,0.373046
25.0205,0.373836
25.0231,0.373948
25.0245,0.374122
25.0257,0.378399
25.0354,0.378845
25.0373,0.380276
25.059,0.3805
25.0669,0.38057
25.0723,0.384357
25.087,0.384536
25.0878,0.388779
25.0972,0.389164
25.1157,0.389276
25.1201,0.389302
25.1294,0.389491
25.15,0.392447
25.1529,0.395874
25.1569,0.396307
25.1583,0.399202
25.1684,0.39936
25.1721,0.399935
25.1854,0.399935
25.217,0.403983
25.2225,0.404519
25.2247,0.406142
25.2369,0.407125
25.2411,0.410843
25.244,0.414248
25.2462,0.414587
25.2501,0.414784
25.2505,0.416761
25.2514,0.416973
25.252,0.41746
25.2534,0.417741
25.2728,0.42015
25.2731,0.423328
25.2796,0.426854
25.2835,0.429611
25.2935,0.430839
25.2957,0.432701
25.3038,0.436236
25.3124,0.438009
25.3126,0.440601
25.3239,0.44064
25.3264,0.441673
25.3264,0.443122
25.3273,0.445095
25.3367,0.447133
25.3441,0.448933
25.3471,0.45052
25.3541,0.450547
25.3592,0.450785
25.3615,0.451947
25.3661,0.45219
25.3676,0.452351
25.3688,0.453485
25.3725,0.454073
25.376,0.454266
25.3938,0.45487
25.4037,0.455146
25.4058,0.455394
25.4157,0.456567
25.4262,0.456701
25.4314,0.45735
25.4383,0.458064
25.4399,0.458187
25.4422,0.458519
25.4459,0.459588
25.4477,0.460026
25.454,0.460408
25.4554,0.460547
25.4565,0.460908
25.4573,0.463577
25.459,0.464449
25.4735,0.464617
25.4867,0.46733
25.4878,0.467487
25.4968,0.46929
25.5001,0.471809
25.503,0.47212
25.5055,0.474294
25.5128,0.475436
25.5139,0.476994
25.515,0.47992
25.5191,0.479999
25.5342,0.480192
25.542,0.481215
25.5594,0.482765
25.5668,0.483356
25.5726,0.484299
25.579,0.485235
25.5849,0.486068
25.5935,0.486758
25.6011,0.487418
25.6123,0.488764
25.6161,0.489766
25.6195,0.491372
25.6202,0.49157
25.6233,0.492337
25.6333,0.493058
25.6413,0.495527
25.6486,0.497158
25.6494,0.502071
25.6498,0.502938
25.6565,0.503233
25.6645,0.510158
25.6748,0.510988
25.6774,0.512698
25.6813,0.514157
25.6858,0.515682
25.6987,0.516269
25.7179,0.518405
25.7219,0.518894
25.7243,0.520089
25.7275,0.521272
25.7338,0.521987
25.7401,0.524286
25.7417,0.524494
25.7517,0.528139
25.7589,0.529197
25.7595,0.529375
25.7626,0.530773
25.7629,0.532405
25.7954,0.534036
25.801,0.534733
25.8068,0.535469
25.8142,0.535562
25.8147,0.536165
25.8199,0.53661
25.8252,0.537179
25.8275,0.537836
25.8294,0.538268
25.8359,0.539247
25.8453,0.540517
25.8462,0.54264
25.8528,0.542962
25.8571,0.54561
25.8586,0.545949
25.8648,0.549544
25.8705,0.551595
25.8723,0.551832
25.889,0.55423
25.8894,0.556838
25.9,0.559801
25.9097,0.560893
25.911,0.560951
25.9146,0.561025
25.9193,0.561377
25.9282,0.565263
25.9333,0.56657
25.9419,0.567108
25.9457,0.570288
25.9587,0.575454
25.9794,0.575699
26.0087,0.576942
26.0166,0.577267
26.0355,0.577359
26.0366,0.579147
26.0382,0.579534
26.046,0.580787
26.0486,0.582754
26.0564,0.587408
26.0587,0.58949
26.0631,0.591098
26.0633,0.592502
26.0676,0.593116
26.0684,0.594095
26.0706,0.601912
26.0737,0.602112
26.0763,0.605289
26.0765,0.607866
26.0864,0.611446
26.0914,0.612482
26.0971,0.61289
26.1015,0.613156
26.1029,0.614964
26.104,0.616493
26.1092,0.616696
26.1144,0.619046
26.1198,0.620717
26.123,0.621335
26.1266,0.623233
26.1399,0.62481
26.1428,0.626826
26.1526,0.627102
26.1538,0.627307
26.163,0.630846
26.163,0.631618
26.1656,0.633048
26.1706,0.633331
26.174,0.636599
26.1854,0.636789
26.1864,0.640541
26.1959,0.640583
26.2107,0.643122
26.2139,0.643122
26.2152,0.643936
26.2161,0.649578
26.2168,0.650433
26.217,0.652302
26.2316,0.652887
26.233,0.654732
26.2348,0.65568
26.2525,0.656136
26.2551,0.65689
26.2579,0.657542
26.258,0.657988
26.2651,0.658569
26.2676,0.658765
26.2717,0.658805
26.2756,0.658834
26.2868,0.659848
26.2889,0.659972
26.2927,0.660495
26.2939,0.661157
26.2955,0.664808
26.2975,0.664953
26.2995,0.665048
26.3,0.67353
26.3135,0.674864
26.3211,0.675418
26.3246,0.68026
26.3319,0.681442
26.3349,0.682801
26.3376,0.685003
26.3478,0.685382
26.3846,0.688003
26.3956,0.688318
26.4028,0.690182
26.4028,0.691046
26.4188,0.691809
26.4254,0.693454
26.4325,0.696522
26.4471,0.701651
26.4489,0.702539
26.4551,0.702956
26.4567,0.706039
26.4573,0.707842
26.4631,0.708498
26.4717,0.709542
26.4895,0.712847
26.4943,0.713525
26.4977,0.713538
26.501,0.714243
26.502,0.714302
26.5158,0.715978
26.5187,0.71658
26.5196,0.717578
26.5275,0.721716
26.5281,0.72371
26.5335,0.72407
26.5335,0.728794
26.5347,0.729381
26.5424,0.729857
26.5482,0.731333
26.5499,0.731388
26.55,0.73168
26.5523,0.732237
26.5686,0.732452
26.5713,0.733505
26.5722,0.734029
26.5731,0.73415
26.5736,0.737627
26.5798,0.737681
26.5856,0.739308
26.5873,0.740454
26.5934,0.740797
26.6004,0.743408
26.6025,0.743842
26.6026,0.745965
26.6047,0.747642
26.6062,0.747952
26.6157,0.749873
26.6195,0.75009
26.6258,0.754792
26.6314,0.755498
26.6453,0.760445
26.6542,0.760787
26.6611,0.762939
26.663,0.763009
26.6631,0.774777
26.6691,0.775602
26.6712,0.778476
26.6713,0.781734
26.6802,0.785708
26.6815,0.790407
26.6822,0.79051
26.6873,0.79139
26.6961,0.791896
26.7024,0.793858
26.7034,0.797463
26.7079,0.798907
26.7133,0.798933
26.7156,0.80002
26.7225,0.801156
26.7263,0.801593
26.7307,0.80263
26.7308,0.803016
26.7325,0.80355
26.7383,0.805125
26.7473,0.806288
26.7515,0.807147
26.7602,0.808316
26.7641,0.808551
26.7687,0.809317
26.7747,0.81046
26.7781,0.811514
26.7826,0.812916
26.7835,0.814814
26.7853,0.814991
26.7858,0.815643
26.79,0.815744
26.7943,0.817931
26.7974,0.817936
26.7987,0.820713
26.8002,0.820956
26.8184,0.821579
26.8333,0.824402
26.8348,0.82523
26.8471,0.826949
26.8477,0.829681
26.8518,0.830574
26.8638,0.830979
26.8653,0.831825
26.8667,0.834203
26.8669,0.837801
26.8681,0.838591
26.8693,0.839321
26.8819,0.839973
26.8843,0.841065
26.8861,0.845449
26.8862,0.846212
26.8869,0.850495
26.8885,0.851938
26.8891,0.851949
26.8909,0.852395
26.8918,0.854736
26.8952,0.855592
26.9012,0.859098
26.9056,0.859367
26.9112,0.860591
26.9154,0.862025
26.9255,0.862962
26.9284,0.866906
26.9319,0.867196
26.9325,0.87024
26.9352,0.878107
26.9419,0.878242
26.9527,0.879964
26.9612,0.884053
26.9641,0.884375
26.9653,0.886093
26.9695,0.887224
26.9715,0.888092
26.9728,0.891587
26.9806,0.89214
26.9823,0.893293
26.984,0.893295
26.9841,0.893662
26.9865,0.896938
26.9875,0.898981
26.9877,0.901223
26.9956,0.902933
27.0183,0.904366
27.0194,0.905355
27.02,0.905374
27.0201,0.906354
27.0288,0.906621
27.0443,0.908196
27.0445,0.908558
27.0474,0.909263
27.0485,0.912071
27.0543,0.914182
27.0562,0.915731
27.0606,0.917333
27.0617,0.918468
27.0689,0.918924
27.0829,0.920868
27.0856,0.922054
27.0872,0.922359
27.0934,0.922493
27.1097,0.922698
27.117,0.923245
27.12,0.926594
27.12,0.927467
27.1203,0.932061
27.1219,0.93607
27.1269,0.936199
27.1274,0.936338
27.1281,0.937357
27.1333,0.939085
27.1336,0.940522
27.1368,0.940702
27.138,0.941891
27.1459,0.947346
27.1466,0.951706
27.1485,0.952425
27.1538,0.954546
27.1631,0.955613
27.1715,0.956435
27.1771,0.957174
27.1778,0.960757
27.1779,0.964822
27.1808,0.965723
27.1903,0.966938
27.1905,0.967361
27.1909,0.968548
27.1929,0.972617
27.196,0.972639
27.1972,0.973344
27.1991,0.973752
27.2055,0.974078
27.2114,0.974209
27.2116,0.974403
27.2155,0.981737
27.2179,0.986278
27.2217,0.987225
27.2229,0.988122
27.2266,0.988817
27.2349,0.990469
27.2369,0.990939
27.2406,0.993136
27.2412,0.994223
27.2531,0.998827
27.2758,0.999507
27.2812,1.00102
27.2813,1.00133
27.2852,1.00497
27.2876,1.005
27.2906,1.00517
27.2909,1.00739
27.2916,1.0089
27.295,1.01064
27.2971,1.01239
27.303,1.01315
27.31,1.01581
27.3147,1.01882
27.3154,1.0195
27.3356,1.02283
27.346,1.02317
27.3472,1.02363
27.3481,1.0239
27.3522,1.02641
27.3525,1.02791
27.357,1.02897
27.3684,1.02938
27.3687,1.0298
27.3753,1.03215
27.3841,1.03509
27.3845,1.04014
27.3864,1.04101
27.388,1.04248
27.3889,1.04556
27.389,1.05298
27.3954,1.05705
27.397,1.06092
27.3978,1.06168
27.4088,1.06362
27.4114,1.06758
27.413,1.0682
27.4151,1.06993
27.4193,1.07008
27.4196,1.0735
27.4216,1.0815
27.423,1.08458
27.4231,1.08761
27.4345,1.09002
27.4417,1.09163
27.4418,1.09286
27.4432,1.10456
27.4437,1.10544
27.4468,1.11177
27.4552,1.11228
27.4619,1.11488
27.4629,1.11547
27.471,1.11628
27.4728,1.11736
27.475,1.11947
27.4799,1.12103
27.4837,1.1224
27.4868,1.12253
27.493,1.12311
27.493,1.12347
27.4962,1.12468
27.4988,1.12538
27.5136,1.12615
27.5201,1.12764
27.5262,1.12888
27.5264,1.12907
27.5314,1.13118
27.5352,1.13383
27.5362,1.13838
27.5367,1.13999
27.5387,1.14094
27.5403,1.14096
27.5476,1.14207
27.5476,1.14532
27.5511,1.14553
27.5544,1.14604
27.5573,1.1467
27.5584,1.14999
27.5685,1.15369
27.5776,1.15378
27.5833,1.15796
27.5877,1.15926
27.5905,1.16655
27.5912,1.16699
27.6004,1.1674
27.6015,1.17083
27.6018,1.17095
27.6044,1.17695
27.6206,1.17909
27.6236,1.18082
27.6251,1.18257
27.6263,1.18432
27.6274,1.18622
27.6417,1.18671
27.6438,1.19647
27.6476,1.19706
27.6539,1.19748
27.6586,1.19848
27.661,1.20043
27.6621,1.20249
27.6728,1.20427
27.677,1.20658
27.6785,1.21024
27.6814,1.21167
27.6822,1.21202
27.6857,1.218
27.6896,1.21836
27.6903,1.21841
27.6928,1.21944
27.6935,1.21946
27.6966,1.22224
27.6968,1.22293
27.7012,1.22413
27.7031,1.22476
27.7032,1.22808
27.7064,1.23219
27.7087,1.23461
27.7093,1.23523
27.7181,1.2376
27.7231,1.23912
27.7232,1.23951
27.7367,1.24048
27.7409,1.24165
27.7409,1.24175
27.7409,1.24557
27.7445,1.25043
27.7474,1.2506
27.7544,1.25249
27.7572,1.25348
27.7724,1.2535
27.7827,1.25397
27.7873,1.25574
27.7898,1.25589
27.8057,1.2617
27.8071,1.26432
27.8083,1.26516
27.8091,1.26704
27.811,1.26861
27.8139,1.27317
27.8144,1.27591
27.8164,1.2761
27.8189,1.2768
27.822,1.27797
27.824,1.28365
27.8278,1.28366
27.839,1.28595
27.8409,1.28604
27.8423,1.29007
27.8432,1.29384
27.8468,1.2962
27.8594,1.29802
27.8604,1.29945
27.8626,1.30082
27.8791,1.30093
27.8871,1.30142
27.8972,1.30161
27.8976,1.30393
27.8999,1.30429
27.9048,1.30464
27.9071,1.30858
27.9106,1.3128
27.911,1.31527
27.9137,1.31597
27.9199,1.3168
27.9349,1.31695
27.938,1.31848
27.9524,1.32211
27.9532,1.32438
27.9619,1.32459
27.9699,1.32572
27.9711,1.32585
27.9733,1.3314
27.9778,1.33502
27.982,1.33556
27.9841,1.33798
27.9873,1.34226
27.9879,1.34308
27.9951,1.34438
27.9962,1.34677
27.9983,1.35178
28.0087,1.35238
28.017,1.35446
28.0202,1.35685
28.0214,1.3601
28.0308,1.36518
28.033,1.36654
28.0334,1.37043
28.0341,1.37253
28.0356,1.37417
28.0385,1.37435
28.0387,1.37641
28.042,1.38839
28.0438,1.38905
28.0452,1.3893
28.0463,1.39011
28.0472,1.39103
28.0524,1.39456
28.0577,1.39537
28.0582,1.39927
28.06,1.40186
28.0667,1.4044
28.0702,1.40527
28.0781,1.40932
28.0914,1.41163
28.0924,1.41201
28.0943,1.41424
28.0949,1.41425
28.1079,1.4153
28.1084,1.41782
28.1153,1.42451
28.1182,1.42451
28.1214,1.42559
28.1308,1.42575
28.1358,1.42769
28.1455,1.42928
28.1458,1.43236
28.1464,1.43615
28.1547,1.4377
28.157,1.43974
28.1578,1.44385
28.1611,1.44434
28.1646,1.44609
28.1786,1.45961
28.1791,1.46086
28.1932,1.46088
28.2008,1.46279
28.202,1.46775
28.2078,1.46977
28.208,1.4708
28.2083,1.47248
28.2102,1.47419
28.2113,1.47471
28.2145,1.47588
28.2172,1.47771
28.2283,1.48071
28.2304,1.48165
28.236,1.48309
28.247,1.48343
28.2564,1.48622
28.2633,1.48819
28.2641,1.48909
28.2659,1.49172
28.2729,1.49309
28.2846,1.49392
28.285,1.49636
28.2951,1.49752
28.3025,1.4991
28.3028,1.50205
28.3097,1.5062
28.3098,1.50626
28.3124,1.50838
28.3301,1.50887
28.3343,1.51034
28.3364,1.5125
28.3441,1.51277
28.3474,1.51336
28.3565,1.51362
28.3579,1.51536
28.3598,1.52744
28.3603,1.52866
28.3641,1.52942
28.3654,1.53115
28.3658,1.53154
28.3688,1.53328
28.3712,1.53336
28.3714,1.53425
28.3731,1.53638
28.3736,1.54032
28.3885,1.54209
28.3927,1.54257
28.402,1.5435
28.4057,1.55484
28.4083,1.55492
28.4185,1.55542
28.4349,1.55694
28.4384,1.55707
28.4391,1.55922
28.4394,1.56133
28.4408,1.56174
28.4411,1.5639
28.448,1.56494
28.4525,1.5654
28.4599,1.56614
28.4612,1.56734
28.462,1.56874
28.4624,1.5705
28.4637,1.57085
28.4682,1.57097
28.4693,1.5721
28.476,1.57373
28.4762,1.57531
28.4847,1.57714
28.4925,1.57715
28.5046,1.57933
28.5065,1.58549
28.5075,1.58876
28.5081,1.59284
28.5159,1.59354
28.5198,1.59491
28.5231,1.59607
28.5259,1.59968
28.5406,1.60016
28.5426,1.60683
28.5467,1.61852
28.5555,1.61944
28.5692,1.61946
28.5707,1.61948
28.5715,1.61985
28.5728,1.62637
28.5737,1.6266
28.5753,1.62674
28.5764,1.63083
28.5796,1.63192
28.5814,1.63796
28.5831,1.64174
28.5864,1.64701
28.593,1.65076
28.6,1.65758
28.6006,1.66043
28.6035,1.6708
28.6036,1.671
28.609,1.67391
28.6119,1.67738
28.6156,1.67746
28.6248,1.68294
28.6292,1.6834
28.6303,1.68402
28.6326,1.69217
28.6339,1.69347
28.6349,1.69409
28.6431,1.69481
28.6467,1.69707
28.6484,1.70097
28.6574,1.70425
28.6627,1.70532
28.668,1.71389
28.671,1.71432
28.6751,1.71682
28.6793,1.71973
28.6858,1.72543
28.6867,1.73926
28.6877,1.74033
28.6884,1.74039
28.695,1.74679
28.6971,1.74702
28.698,1.74937
28.6993,1.75183
28.7003,1.75284
28.704,1.75295
28.707,1.75457
28.7159,1.75977
28.7183,1.76031
28.7225,1.76751
28.7282,1.76943
28.7315,1.77149
28.7386,1.77688
28.7398,1.77841
28.7413,1.78425
28.7432,1.79179
28.7683,1.79213
28.7756,1.79253
28.7803,1.80923
28.7916,1.81394
28.7938,1.82334
28.8021,1.83229
28.8025,1.83456
28.8047,1.84517
28.8065,1.84615
28.8066,1.84621
28.8182,1.84736
28.8206,1.85003
28.8245,1.85005
28.8257,1.85341
28.8314,1.85815
28.8463,1.86231
28.848,1.86354
28.8484,1.86782
28.8488,1.87374
28.8544,1.87784
28.8572,1.88365
28.8621,1.8925
28.8658,1.89702
28.8661,1.89908
28.8688,1.90227
28.872,1.90305
28.8771,1.9077
28.8827,1.90935
28.8837,1.91041
28.8845,1.91048
28.885,1.91151
28.8868,1.91563
28.902,1.91661
28.9022,1.91984
28.9088,1.92394
28.9135,1.92735
28.9154,1.92785
28.9186,1.93344
28.9243,1.93842
28.9318,1.95081
28.9325,1.95616
28.9382,1.96393
28.95,1.96712
28.9546,1.9677
28.9552,1.96772
28.9622,1.97135
28.9626,1.97275
28.9631,1.97717
28.9694,1.98671
28.9703,1.98777
28.9709,1.98962
28.978,1.98962
28.9782,1.99614
28.9783,1.99626
28.9804,1.99884
28.9846,1.99906
28.9936,2.00042
28.9969,2.01819
28.9993,2.0294
28.9995,2.02967
29.0076,2.03275
29.0167,2.03359
29.0181,2.03369
29.0186,2.03396
29.0319,2.03705
29.0348,2.03803
29.0421,2.04506
29.0434,2.06228
29.0519,2.06319
29.0529,2.06937
29.0582,2.07227
29.062,2.07349
29.0784,2.07708
29.082,2.07913
29.0837,2.08227
29.087,2.08367
29.104,2.08517
29.1118,2.08604
29.1159,2.09095
29.1166,2.0931
29.1203,2.09586
29.1246,2.09683
29.1371,2.10245
29.1497,2.11276
29.1632,2.12274
29.1643,2.12671
29.1691,2.12733
29.1787,2.13072
29.1862,2.13778
29.1939,2.14614
29.1946,2.14846
29.1951,2.149
29.2031,2.15004
29.2067,2.15377
29.2093,2.15458
29.2149,2.16095
29.2178,2.1631
29.2193,2.16708
29.2201,2.17476
29.2217,2.1995
29.2229,2.20387
29.2231,2.20884
29.2427,2.21003
29.2438,2.21656
29.2472,2.22312
29.2497,2.22685
29.2513,2.23041
29.2552,2.23309
29.2554,2.25125
29.2557,2.25348
29.2757,2.25402
29.2832,2.25945
29.2889,2.2635
29.2985,2.26939
29.3051,2.27422
29.3065,2.27885
29.308,2.2917
29.318,2.29241
29.3294,2.31213
29.3306,2.3166
29.3353,2.31697
29.3449,2.32355
29.3463,2.3245
29.349,2.3284
29.3509,2.32869
29.3516,2.32918
29.3604,2.34758
29.3637,2.35033
29.3693,2.35038
29.3697,2.35117
29.3779,2.36594
29.382,2.36665
29.3829,2.37958
29.392,2.38033
29.4084,2.38617
29.4139,2.39742
29.4176,2.39743
29.4222,2.40364
29.4252,2.40448
29.4309,2.40654
29.4366,2.41265
29.4405,2.41527
29.4473,2.41674
29.4486,2.41927
29.452,2.42387
29.4643,2.42714
29.4661,2.4285
29.4686,2.42987
29.4737,2.44051
29.4754,2.47006
29.4789,2.47123
29.4793,2.47904
29.4898,2.48284
29.492,2.49125
29.4961,2.50372
29.497,2.50514
29.5105,2.50809
29.5232,2.5094
29.531,2.51386
29.5379,2.52496
29.5556,2.52708
29.5586,2.5284
29.5678,2.54363
29.5723,2.55599
29.5799,2.56126
29.5937,2.56494
29.5951,2.56497
29.5987,2.56641
29.6027,2.56931
29.6036,2.57281
29.6068,2.58403
29.6201,2.58775
29.6208,2.58911
29.6259,2.59182
29.6395,2.6029
29.6426,2.61015
29.6639,2.62204
29.6639,2.6293
29.6658,2.63816
29.6681,2.64967
29.6702,2.655
29.6725,2.65876
29.6742,2.65993
29.6787,2.66904
29.7117,2.67033
29.7236,2.677
29.7265,2.68514
29.7385,2.69567
29.7387,2.7
29.7425,2.70067
29.7603,2.70828
29.7632,2.71436
29.7696,2.7208
29.7701,2.72605
29.7806,2.72818
29.7935,2.72842
29.8076,2.74155
29.8194,2.77902
29.8222,2.79063
29.8429,2.80036
29.8617,2.80649
29.864,2.80651
29.8659,2.80983
29.8739,2.81813
29.8897,2.8213
29.8921,2.82747
29.8995,2.83826
29.9075,2.84966
29.9138,2.85016
29.9233,2.85398
29.9277,2.86101
29.9287,2.87525
29.9356,2.87912
29.9374,2.88438
29.9386,2.89053
29.9395,2.90151
29.9427,2.93636
29.9455,2.93722
29.9478,2.93726
29.9566,2.94537
29.9591,2.9465
29.963,2.94707
29.9662,2.96041
29.9801,2.98657
29.9831,2.99242
29.9905,3.0024
29.9925,3.02875
29.9951,3.02939
30.0043,3.04385
30.0098,3.0851
30.0117,3.11529
30.0136,3.12363
30.0259,3.12775
30.0277,3.12916
30.0282,3.13384
30.0298,3.13693
30.0396,3.14199
30.0473,3.15411
30.0565,3.15991
30.0698,3.17384
30.0752,3.18802
30.078,3.19507
30.0914,3.20309
30.0928,3.21573
30.0934,3.22932
30.098,3.25548
30.0994,3.29943
30.1264,3.30173
30.13,3.30217
30.1363,3.31981
30.1416,3.32012
30.1417,3.3408
30.1728,3.34463
30.1764,3.35184
30.1792,3.35983
30.1896,3.36444
30.1996,3.37344
30.2045,3.38652
30.2062,3.39497
30.2097,3.39557
30.2217,3.39969
30.2398,3.41193
30.2521,3.42
30.2549,3.42505
30.2551,3.42726
30.2591,3.4448
30.2696,3.47152
30.2766,3.47878
30.2794,3.48214
30.2925,3.51016
30.3039,3.5383
30.3418,3.54816
30.3524,3.5507
30.3582,3.57056
30.3724,3.57215
30.3825,3.58242
30.4334,3.67554
30.4378,3.67979
30.4413,3.72283
30.4615,3.75061
30.4627,3.75731
30.4629,3.75802
30.5202,3.7664
30.5449,3.77675
30.5821,3.78892
30.5887,3.81884
30.5903,3.83083
30.6107,3.84145
30.6363,3.85165
30.64,3.86847
30.6536,3.90252
30.6605,3.93594
30.6702,3.96265
30.6928,3.99394
30.705,4.02277
30.7107,4.05591
30.7769,4.08966
30.7799,4.09096
30.7935,4.09894
30.7988,4.11668
30.7989,4.16725
30.8023,4.16779
30.8348,4.2173
30.8543,4.2207
30.9261,4.23216
30.9867,4.31961
31.0041,4.34822
31.019,4.39882
31.0398,4.41305
31.046,4.42294
31.0829,4.45059
31.0896,4.45655
31.1008,4.47293
31.1311,4.52465
31.1331,4.60955
31.1802,4.76637
31.182,4.76808
31.2115,4.8016
31.221,4.85099
31.2238,4.88911
31.2325,4.8927
31.2517,4.92419
31.2609,4.94869
31.2645,5.03832
31.2836,5.04075
31.3247,5.08026
31.3288,5.0824
31.3322,5.08477
31.3536,5.08998
31.3838,5.11035
31.4169,5.14312
31.4307,5.16389
31.4359,5.5053
31.4961,5.60129
31.5765,5.60649
31.5982,5.62724
31.6275,5.69184
31.6324,5.72979
31.6937,6.12987
31.7493,6.58969
31.824,6.61003
31.8834,6.9274
32.0582,7.08591
32.1668,7.2082
32.1786,7.30014
32.2078,7.42377
32.2955,7.48074
32.3083,8.81686
