7.39857
9.13567
9.57674
9.93394
10.1743
10.4104
10.6264
10.7979
10.9348
11.0562
11.1772
11.295
11.3933
11.4935
11.5863
11.6672
11.7393
11.8107
11.8848
11.9519
12.0138
12.0674
12.1215
12.1779
12.2309
12.2872
12.3332
12.3751
12.4242
12.4675
12.5194
12.5612
12.5991
12.6362
12.675
12.7108
12.7473
12.7828
12.814
12.8477
12.8823
12.9135
12.9447
12.9749
13.0077
13.0354
13.0662
13.0953
13.1243
13.1567
13.1866
13.2106
13.2403
13.2703
13.2978
13.3253
13.3529
13.3816
13.4063
13.4313
13.4581
13.4803
13.5035
13.5263
13.548
13.5698
13.5936
13.6188
13.6434
13.6657
13.6856
13.7062
13.7256
13.7439
13.7673
13.7888
13.8
13.8097
13.8289
13.8475
13.8707
13.8899
13.9086
13.9257
13.9443
13.964
13.9852
14.0029
14.0211
14.0403
14.0566
14.0737
14.091
14.1063
14.1276
14.1453
14.1596
14.1771
14.1963
14.2098
14.2268
14.243
14.2595
14.2815
14.2964
14.313
14.328
14.3442
14.3587
14.375
14.3903
14.4078
14.4236
14.4385
14.4533
14.4672
14.4801
14.4954
14.5121
14.5254
14.5401
14.5536
14.5686
14.5845
14.5983
14.6118
14.6275
14.6384
14.6519
14.6668
14.6802
14.6948
14.7076
14.7214
14.7337
14.7458
14.7605
14.7743
14.788
14.8013
14.8131
14.8241
14.8379
14.8485
14.8616
14.8768
14.8904
14.9017
14.9117
14.9228
14.9352
14.9482
14.9589
14.9724
14.985
14.9973
15.0087
15.0199
15.0316
15.0467
15.059
15.0691
15.0816
15.0935
15.1052
15.1191
15.1318
15.1441
15.158
15.1711
15.1825
15.1928
15.2034
15.2146
15.2266
15.2394
15.2508
15.2627
15.2752
15.2877
15.2985
15.311
15.3229
15.3344
15.3445
15.3554
15.3685
15.3798
15.3907
15.4017
15.4137
15.4254
15.4373
15.4486
15.4589
15.4681
15.4795
15.4912
15.5023
15.5166
15.5284
15.5396
15.5492
15.5636
15.5737
15.5857
15.5957
15.6062
15.6159
15.6263
15.6375
15.6493
15.6618
15.6718
15.6841
15.6943
15.7044
15.7158
15.7252
15.7366
15.7464
15.7568
15.7658
15.7768
15.7873
15.798
15.8087
15.8192
15.831
15.8401
15.8505
15.8615
15.8707
15.882
15.8915
15.9017
15.9123
15.9229
15.9318
15.9411
15.9533
15.9641
15.9733
15.9839
15.9927
16.0018
16.0098
16.0208
16.0339
16.0444
16.0548
16.0644
16.0742
16.0842
16.0959
16.104
16.1132
16.1228
16.1327
16.1436
16.1535
16.1625
16.1737
16.1837
16.1945
16.2072
16.2164
16.2248
16.2348
16.2453
16.2543
16.2642
16.2748
16.2865
16.2961
16.307
16.3196
16.3316
16.342
16.3549
16.3642
16.3713
16.3827
16.3925
16.4041
16.4129
16.425
16.4343
16.4458
16.4571
16.4699
16.4793
16.4889
16.4986
16.5077
16.5178
16.5284
16.5384
16.5477
16.5581
16.5687
16.5792
16.5894
16.6017
16.6121
16.6251
16.636
16.6465
16.6595
16.6701
16.6798
16.69
16.7001
16.7116
16.7212
16.7319
16.7429
16.7539
16.7645
16.7764
16.7873
16.7992
16.8112
16.8226
16.8337
16.8439
16.856
16.8685
16.8787
16.8901
16.9014
16.9124
16.9231
16.9348
16.9485
16.9601
16.9691
16.981
16.993
17.0028
17.0133
17.0243
17.0355
17.0455
17.058
17.0695
17.0813
17.0902
17.0999
17.1135
17.1242
17.1344
17.1453
17.1578
17.168
17.1795
17.1897
17.2023
17.2144
17.2251
17.2379
17.2479
17.2619
17.2739
17.2853
17.2969
17.3101
17.3223
17.3326
17.3444
17.3574
17.3676
17.3782
17.3927
17.4045
17.42
17.4312
17.4444
17.4573
17.4687
17.479
17.4912
17.5022
17.5144
17.526
17.5373
17.5498
17.5643
17.5774
17.594
17.6052
17.6185
17.6307
17.644
17.6563
17.6689
17.6847
17.6975
17.7103
17.7263
17.74
17.7537
17.766
17.7814
17.794
17.8074
17.8223
17.838
17.85
17.865
17.8785
17.8924
17.9082
17.9231
17.9366
17.9508
17.9681
17.9831
17.9997
18.0149
18.0301
18.0428
18.0578
18.0732
18.0875
18.1032
18.1189
18.1362
18.1512
18.1655
18.1822
18.1989
18.2165
18.233
18.2496
18.2678
18.2849
18.3012
18.3203
18.3366
18.3576
18.3744
18.3877
18.4039
18.4197
18.4354
18.4524
18.4706
18.4892
18.5084
18.5288
18.545
18.5617
18.5804
18.6007
18.6213
18.6407
18.6593
18.6814
18.7027
18.724
18.7428
18.7663
18.791
18.8103
18.8323
18.8531
18.877
18.8956
18.9198
18.9445
18.9699
18.9888
19.0101
19.0323
19.0568
19.0848
19.1091
19.1384
19.1633
19.1929
19.2188
19.2459
19.2731
19.3044
19.335
19.3647
19.3956
19.4229
19.4549
19.488
19.5152
19.5485
19.579
19.6097
19.6362
19.6742
19.7097
19.7444
19.7819
19.8212
19.8593
19.8927
19.9268
19.9725
20.0077
20.0476
20.0874
20.1214
20.172
20.22
20.259
20.3063
20.3553
20.4025
20.4444
20.4901
20.5408
20.5961
20.6462
20.7117
20.7666
20.819
20.884
20.9511
21.0203
21.0901
21.1582
21.2448
21.3115
21.4049
21.4896
21.5768
21.6573
21.7499
21.833
21.9282
22.0175
22.1227
22.2117
22.3242
22.4525
22.5492
22.6761
22.8202
22.9676
23.1042
23.2501
23.4253
23.5905
23.7527
23.9555
24.2403
24.4999
24.9012
25.2944
25.7243
26.2676
27.061
