OriginTime,MinWait
6.02133,0.000192419
7.36076,0.0015728
7.77477,0.00201949
8.04597,0.00240827
8.24683,0.00354115
8.42846,0.00419621
8.58518,0.00460112
8.72451,0.005037
8.85205,0.00550247
8.96466,0.00589759
9.06887,0.00621755
9.16012,0.00657644
9.24063,0.00703271
9.31218,0.00764168
9.37984,0.00820346
9.44585,0.00874873
9.50514,0.00946888
9.56344,0.0101008
9.61849,0.0104523
9.67137,0.0107162
9.72006,0.0109789
9.76542,0.0112334
9.81042,0.0114741
9.85427,0.0117271
9.897,0.0119689
9.9375,0.0122238
9.9765,0.012482
10.0148,0.0127595
10.0496,0.0130229
10.0845,0.0132791
10.1189,0.013524
10.1516,0.0137837
10.1847,0.0140302
10.2167,0.0143064
10.2477,0.0145942
10.2765,0.0148834
10.3062,0.015195
10.3346,0.0155128
10.3605,0.0158193
10.388,0.0161536
10.4145,0.0165054
10.4414,0.0168797
10.4652,0.0172391
10.4907,0.01763
10.5151,0.0180475
10.5387,0.0184392
10.5604,0.0188616
10.5835,0.0193171
10.6069,0.0197739
10.6289,0.0202815
10.6503,0.0208071
10.6721,0.0213823
10.6934,0.0219619
10.713,0.0225819
10.7344,0.0232714
10.7551,0.0240096
10.7749,0.0247299
10.7938,0.0254821
10.8138,0.0262454
10.8327,0.0269924
10.8516,0.0277468
10.8701,0.0283972
10.8876,0.0290434
10.9049,0.0296785
10.9232,0.0302389
10.9413,0.0307623
10.959,0.0312713
10.9758,0.0317719
10.9923,0.032246
11.0088,0.032718
11.026,0.0332111
11.0423,0.033693
11.0578,0.034179
11.0738,0.0346134
11.0889,0.03507
11.1045,0.0355355
11.1195,0.0360056
11.1343,0.0364738
11.1487,0.0369295
11.1633,0.0373516
11.1784,0.0377908
11.1927,0.0382337
11.2055,0.0386585
11.2198,0.0390831
11.2338,0.0394976
11.2481,0.0399051
11.2618,0.0403179
11.2753,0.040729
11.2882,0.0411549
11.3017,0.0415753
11.3137,0.0420031
11.3264,0.0424221
11.3394,0.0428477
11.3525,0.0432814
11.3651,0.0437385
11.3774,0.0441781
11.39,0.0446529
11.4023,0.0450981
11.414,0.0455614
11.426,0.0460239
11.4383,0.046493
11.4501,0.0469575
11.4613,0.0474077
11.4727,0.0478644
11.4842,0.0483188
11.4966,0.048761
11.5078,0.0492273
11.5182,0.0496758
11.5289,0.0501311
11.5394,0.0505782
11.5502,0.0510119
11.5609,0.0514117
11.572,0.0518312
11.5827,0.0522618
11.5933,0.0526915
11.6045,0.0531515
11.6149,0.0535853
11.6246,0.0540116
11.6351,0.0544594
11.645,0.0549405
11.655,0.055403
11.6648,0.0558825
11.6744,0.056422
11.6841,0.0569532
11.6934,0.0575505
11.7036,0.0581177
11.7134,0.0587124
11.7226,0.0593561
11.7317,0.0600082
11.7406,0.0606845
11.7499,0.0613923
11.7595,0.0620766
11.769,0.0627682
11.7777,0.06342
11.7872,0.0640996
11.7961,0.0648137
11.8049,0.0655028
11.8141,0.0662048
11.8227,0.0668623
11.8314,0.0675957
11.84,0.0682851
11.8485,0.0689738
11.8571,0.0696678
11.8653,0.0703309
11.8737,0.070988
11.8824,0.0716703
11.8906,0.0723508
11.8989,0.0730487
11.9073,0.0737307
11.9151,0.0743855
11.9233,0.0750606
11.9313,0.0757314
11.9395,0.0764189
11.9477,0.0771375
11.9557,0.0778314
11.9636,0.0785339
11.9713,0.0792301
11.9796,0.0799436
11.9876,0.0806493
11.9951,0.081363
12.0029,0.0820673
12.0105,0.0828222
12.0181,0.0835767
12.0254,0.084344
12.0329,0.0851728
12.0405,0.0859369
12.0483,0.0867389
12.0557,0.0875059
12.0628,0.0882792
12.0699,0.08902
12.0771,0.0897689
12.0846,0.0905307
12.0914,0.0912506
12.0989,0.091978
12.1059,0.0926802
12.1131,0.0933831
12.12,0.0940423
12.1273,0.0947091
12.1342,0.0954023
12.1414,0.096104
12.1485,0.0967836
12.1554,0.0974751
12.1628,0.0981433
12.1698,0.0987559
12.1769,0.0993788
12.1837,0.100007
12.1906,0.100616
12.197,0.101225
12.2038,0.101841
12.2108,0.102461
12.2175,0.103104
12.224,0.103697
12.2309,0.104322
12.2375,0.104921
12.2438,0.105514
12.2503,0.106076
12.2566,0.106672
12.2632,0.107249
12.2696,0.107859
12.2762,0.108447
12.283,0.109056
12.2891,0.109662
12.2953,0.11029
12.3019,0.110877
12.3083,0.111492
12.3144,0.112088
12.3211,0.112695
12.3274,0.113255
12.334,0.113867
12.3404,0.114485
12.3469,0.115082
12.353,0.115662
12.3591,0.116281
12.3656,0.116859
12.3717,0.117464
12.3776,0.118033
12.3834,0.118648
12.3894,0.11923
12.3956,0.119827
12.4017,0.1204
12.4072,0.120972
12.4133,0.121596
12.4189,0.122183
12.4245,0.122796
12.4301,0.123372
12.4365,0.123971
12.4423,0.124556
12.448,0.125169
12.4539,0.125793
12.4599,0.126355
12.4659,0.126951
12.4717,0.12755
12.4774,0.128147
12.4829,0.128738
12.4887,0.129326
12.4943,0.129893
12.5,0.130482
12.5059,0.131099
12.5117,0.131688
12.5176,0.132273
12.5231,0.132888
12.5286,0.13352
12.534,0.134081
12.5395,0.134704
12.5451,0.135316
12.5508,0.135895
12.5563,0.1365
12.5619,0.137079
12.5676,0.137669
12.5732,0.138241
12.5786,0.138843
12.5839,0.139459
12.5891,0.140036
12.5943,0.140629
12.5999,0.141194
12.6054,0.141851
12.6106,0.142417
12.6159,0.143033
12.6213,0.143633
12.6266,0.144191
12.6319,0.144795
12.637,0.145359
12.6424,0.145905
12.6475,0.146482
12.6528,0.14705
12.6578,0.147616
12.663,0.1482
12.6684,0.148758
12.6736,0.1493
12.6786,0.149897
12.6837,0.150478
12.6887,0.151048
12.6939,0.151633
12.6989,0.152163
12.7038,0.15272
12.7087,0.153266
12.7137,0.153794
12.719,0.154358
12.7237,0.154913
12.7289,0.155473
12.7338,0.156033
12.7388,0.156572
12.7436,0.157121
12.7487,0.15766
12.7537,0.158212
12.7587,0.158754
12.7637,0.159295
12.7686,0.159857
12.7733,0.160441
12.778,0.160983
12.7827,0.161533
12.7877,0.162079
12.7925,0.162672
12.7972,0.163246
12.8021,0.163817
12.8068,0.164357
12.8114,0.164926
12.816,0.16546
12.8209,0.165976
12.8255,0.166533
12.8304,0.167033
12.8348,0.167571
12.8395,0.168146
12.8445,0.168676
12.8491,0.169181
12.8538,0.169705
12.8587,0.170222
12.8634,0.170736
12.8678,0.17125
12.8723,0.171743
12.8769,0.172239
12.8814,0.172774
12.8864,0.173294
12.8909,0.173816
12.8957,0.174294
12.9003,0.174794
12.9048,0.175263
12.9093,0.175759
12.9138,0.176276
12.9184,0.176791
12.923,0.177242
12.9275,0.177724
12.9319,0.178227
12.9363,0.178695
12.9408,0.179196
12.9452,0.17971
12.9499,0.180185
12.9546,0.180695
12.9591,0.181212
12.9633,0.181715
12.968,0.182226
12.9724,0.182752
12.9768,0.183245
12.9812,0.183768
12.9856,0.184292
12.9899,0.184807
12.9942,0.185344
12.9986,0.18586
13.0031,0.186344
13.0072,0.186888
13.0113,0.1874
13.0156,0.187923
13.0197,0.188442
13.0239,0.188944
13.0285,0.18946
13.0327,0.189998
13.037,0.190516
13.0412,0.191052
13.0453,0.191578
13.0496,0.1921
13.0537,0.192648
13.0582,0.193222
13.0626,0.1938
13.0669,0.194341
13.0709,0.194928
13.0754,0.195505
13.0796,0.196059
13.0839,0.19664
13.0882,0.197218
13.0924,0.197788
13.0966,0.198379
13.1006,0.19897
13.1047,0.199556
13.1087,0.20012
13.113,0.200721
13.1174,0.20132
13.1216,0.201912
13.1255,0.202504
13.1295,0.203117
13.1336,0.203706
13.1375,0.204325
13.1419,0.204946
13.1458,0.205576
13.1498,0.206184
13.1537,0.206839
13.1577,0.207495
13.1618,0.208121
13.1658,0.208769
13.1698,0.209448
13.1737,0.21008
13.1779,0.210772
13.1818,0.21146
13.1859,0.212108
13.1899,0.212812
13.1939,0.213495
13.1978,0.214153
13.2016,0.21487
13.2058,0.215515
13.2098,0.216158
13.214,0.216842
13.218,0.217499
13.222,0.218113
13.2259,0.218772
13.2299,0.219393
13.2337,0.22007
13.2376,0.220691
13.2415,0.221332
13.2454,0.221981
13.2495,0.222593
13.2534,0.22323
13.2571,0.223904
13.2611,0.224531
13.2651,0.225163
13.2689,0.22583
13.2731,0.22644
13.277,0.227049
13.2809,0.227686
13.2848,0.228308
13.2888,0.228934
13.2926,0.229545
13.2964,0.230178
13.3003,0.230825
13.3041,0.231415
13.3082,0.232052
13.3122,0.232662
13.3163,0.23329
13.3201,0.233878
13.3239,0.234495
13.3276,0.235091
13.3314,0.235721
13.3351,0.236345
13.339,0.236973
13.3428,0.237634
13.3467,0.238262
13.3503,0.238936
13.354,0.239576
13.3578,0.240237
13.3617,0.24091
13.3655,0.24157
13.3694,0.242215
13.3729,0.242852
13.3765,0.243531
13.3801,0.244173
13.3838,0.244823
13.3875,0.245478
13.3912,0.246092
13.3949,0.246748
13.3985,0.247375
13.4022,0.24799
13.4059,0.248646
13.4096,0.249344
13.4135,0.249968
13.4172,0.250624
13.421,0.251294
13.4245,0.251967
13.4282,0.252644
13.4318,0.253311
13.4352,0.253957
13.439,0.254618
13.4426,0.25531
13.4463,0.255993
13.4501,0.25664
13.4537,0.257328
13.4574,0.257986
13.4612,0.258618
13.4648,0.259283
13.4686,0.25997
13.4722,0.260643
13.476,0.26132
13.4795,0.261993
13.4831,0.262677
13.4867,0.263346
13.4904,0.263993
13.4939,0.264671
13.4973,0.265335
13.5011,0.265997
13.5046,0.266658
13.5082,0.267369
13.5117,0.268058
13.5156,0.268735
13.5192,0.269437
13.5229,0.270102
13.5267,0.270819
13.5304,0.271521
13.5339,0.272234
13.5376,0.272964
13.541,0.273689
13.5443,0.274415
13.5477,0.275131
13.551,0.275855
13.5544,0.276585
13.5579,0.277357
13.5614,0.278075
13.5651,0.278846
13.5686,0.279602
13.572,0.280313
13.5755,0.281121
13.5791,0.281874
13.5828,0.282567
13.5863,0.283306
13.5897,0.284103
13.5933,0.284849
13.5968,0.285643
13.6002,0.286452
13.6036,0.287205
13.6071,0.287955
13.6106,0.288715
13.6141,0.289494
13.6177,0.290272
13.6212,0.291059
13.6247,0.29183
13.6281,0.292587
13.6316,0.293404
13.6351,0.294232
13.6386,0.295013
13.6421,0.295817
13.6457,0.296592
13.649,0.297389
13.6525,0.298229
13.6558,0.299051
13.6595,0.299826
13.6631,0.300588
13.6664,0.301446
13.6698,0.302225
13.6733,0.303028
13.6765,0.303828
13.6801,0.304651
13.6834,0.305425
13.6868,0.306187
13.6899,0.307019
13.6934,0.307868
13.6968,0.30869
13.7,0.309468
13.7034,0.310311
13.7067,0.311114
13.7102,0.31189
13.7137,0.312701
13.7172,0.313473
13.7206,0.31425
13.724,0.31503
13.7275,0.315783
13.731,0.3166
13.7343,0.317438
13.7378,0.318222
13.7412,0.319017
13.7447,0.319827
13.7481,0.32068
13.7514,0.321445
13.7549,0.322267
13.7584,0.323121
13.7618,0.323877
13.7651,0.324677
13.7686,0.325533
13.7717,0.326379
13.7751,0.327165
13.7786,0.327973
13.7823,0.328765
13.7857,0.329544
13.7892,0.330332
13.7925,0.331178
13.796,0.331985
13.7992,0.332766
13.8,0.333598
13.8024,0.334396
13.8059,0.335181
13.8092,0.336002
13.8124,0.336801
13.8158,0.337609
13.8193,0.338398
13.8227,0.339191
13.8261,0.339994
13.8294,0.340775
13.8327,0.3416
13.836,0.342444
13.8393,0.343273
13.8427,0.344103
13.846,0.344936
13.8494,0.34576
13.8526,0.346596
13.8559,0.347378
13.8593,0.34823
13.8626,0.349013
13.8661,0.349792
13.8694,0.350594
13.8728,0.35142
13.8763,0.352216
13.8794,0.353064
13.8828,0.353893
13.8863,0.354686
13.8898,0.355453
13.893,0.356263
13.8963,0.357026
13.9,0.357813
13.9033,0.358621
13.9065,0.359435
13.9099,0.360204
13.9132,0.360937
13.9165,0.361799
13.9197,0.36269
13.9228,0.363469
13.9261,0.364291
13.9293,0.365082
13.9326,0.365881
13.9359,0.36671
13.9391,0.367561
13.9425,0.368365
13.9459,0.369137
13.9491,0.369987
13.9524,0.370833
13.9556,0.371658
13.9589,0.372477
13.9621,0.373282
13.9654,0.374175
13.9686,0.375019
13.9721,0.375856
13.9752,0.376692
13.9785,0.377508
13.9818,0.378368
13.985,0.379272
13.9882,0.380135
13.9916,0.381011
13.9948,0.38184
13.9979,0.382714
14.0012,0.383545
14.0045,0.38438
14.0076,0.385217
14.0107,0.386076
14.014,0.38687
14.0171,0.387693
14.0204,0.388548
14.0238,0.389359
14.0271,0.390238
14.0304,0.391039
14.0336,0.391885
14.0367,0.392738
14.04,0.393606
14.0435,0.394428
14.0466,0.39526
14.0499,0.396119
14.0532,0.396961
14.0563,0.397812
14.0594,0.398642
14.0625,0.399484
14.0656,0.400256
14.0688,0.401111
14.0721,0.401873
14.0753,0.402755
14.0786,0.403574
14.0822,0.404413
14.0855,0.405294
14.0886,0.406109
14.0918,0.406935
14.0952,0.407747
14.0986,0.408584
14.1018,0.409388
14.105,0.410215
14.1085,0.411003
14.1115,0.411811
14.1148,0.412684
14.1181,0.413533
14.1214,0.414387
14.1246,0.415193
14.1276,0.416017
14.1309,0.416855
14.1341,0.417661
14.1373,0.418506
14.1406,0.419329
14.1439,0.420195
14.1472,0.421048
14.1505,0.421923
14.1538,0.422813
14.157,0.423632
14.1603,0.424491
14.1636,0.425337
14.1668,0.426229
14.17,0.427115
14.1734,0.427952
14.1768,0.428794
14.1798,0.429636
14.183,0.430484
14.1861,0.431317
14.1893,0.432164
14.1926,0.433018
14.1958,0.433858
14.1991,0.434704
14.2024,0.435585
14.2056,0.436419
14.2088,0.437242
14.212,0.438084
14.2152,0.438899
14.2183,0.439767
14.2216,0.440626
14.2249,0.441483
14.2282,0.442298
14.2316,0.443173
14.2345,0.444
14.2376,0.444814
14.2408,0.445619
14.244,0.446499
14.2473,0.447349
14.2506,0.448198
14.2538,0.449062
14.2571,0.449939
14.2602,0.450772
14.2632,0.451614
14.2663,0.452452
14.2694,0.453352
14.2728,0.454161
14.2759,0.455021
14.2793,0.455878
14.2824,0.456714
14.2856,0.457541
14.2887,0.458363
14.2919,0.459218
14.2949,0.460078
14.2981,0.460897
14.3013,0.461742
14.3046,0.462578
14.308,0.463446
14.3114,0.464281
14.3145,0.465112
14.3177,0.465922
14.321,0.466737
14.3243,0.467589
14.3276,0.468458
14.3307,0.46931
14.3341,0.470164
14.3372,0.470979
14.3406,0.471845
14.3439,0.472665
14.3471,0.473562
14.3504,0.474445
14.3537,0.475334
14.3569,0.476182
14.3602,0.477019
14.3637,0.477926
14.3669,0.478775
14.37,0.479625
14.3734,0.480496
14.3766,0.48138
14.3799,0.482294
14.3831,0.48322
14.3864,0.48406
14.3895,0.484957
14.3926,0.485783
14.3959,0.486633
14.3991,0.487505
14.4023,0.488385
14.4055,0.489256
14.4088,0.490191
14.412,0.491089
14.4156,0.491986
14.4188,0.492817
14.4219,0.493724
14.425,0.494625
14.4282,0.49549
14.4313,0.49643
14.4347,0.497296
14.438,0.498224
14.4413,0.49914
14.4446,0.500038
14.4478,0.500948
14.4511,0.501865
14.4545,0.502725
14.4575,0.503659
14.4607,0.504543
14.464,0.505546
14.4671,0.506473
14.4704,0.507384
14.4736,0.508288
14.4767,0.509246
14.4799,0.510179
14.4833,0.511107
14.4866,0.51203
14.4897,0.512928
14.493,0.51396
14.4965,0.514887
14.4998,0.515867
14.5032,0.516792
14.5064,0.517777
14.5096,0.518734
14.5127,0.519646
14.5161,0.520615
14.5193,0.521658
14.5227,0.5226
14.5262,0.523585
14.5293,0.524615
14.5326,0.525587
14.5359,0.526604
14.539,0.527549
14.5424,0.528566
14.5457,0.529544
14.5492,0.530564
14.5525,0.531578
14.5557,0.532566
14.5591,0.533546
14.5624,0.534571
14.5656,0.535571
14.569,0.536593
14.5723,0.53761
14.5754,0.5386
14.5787,0.539611
14.5822,0.540696
14.5854,0.541689
14.5888,0.542653
14.5921,0.543655
14.5953,0.544694
14.5985,0.545737
14.6018,0.546726
14.6051,0.547679
14.6086,0.548764
14.6117,0.549828
14.6151,0.550871
14.6185,0.55186
14.622,0.552899
14.6254,0.553943
14.6286,0.555045
14.6318,0.556061
14.635,0.557119
14.6384,0.55815
14.6418,0.559226
14.6451,0.560251
14.6484,0.561261
14.6518,0.56231
14.655,0.563323
14.6584,0.564357
14.6618,0.565448
14.6651,0.566496
14.6684,0.567555
14.6717,0.568601
14.6751,0.56965
14.6784,0.570695
14.6817,0.571749
14.6849,0.572803
14.6884,0.573805
14.6917,0.574859
14.695,0.575856
14.6983,0.576938
14.7018,0.577954
14.7051,0.579035
14.7084,0.58007
14.712,0.581087
14.7153,0.582146
14.7188,0.58315
14.7222,0.584199
14.7254,0.585299
14.7287,0.586356
14.732,0.587448
14.7352,0.588552
14.7386,0.589609
14.7419,0.590646
14.7453,0.591703
14.7486,0.59273
14.7521,0.593789
14.7554,0.594876
14.7588,0.595909
14.7623,0.597003
14.7657,0.598051
14.7691,0.599119
14.7724,0.600195
14.7759,0.601295
14.7794,0.602307
14.7829,0.603325
14.7865,0.604376
14.79,0.605438
14.7935,0.606535
14.7968,0.607541
14.8001,0.608581
14.8035,0.609605
14.8067,0.610657
14.81,0.611743
14.8136,0.612757
14.8171,0.613814
14.8205,0.614813
14.824,0.615886
14.8273,0.61693
14.8308,0.617988
14.8344,0.619019
14.838,0.620103
14.8414,0.621166
14.8451,0.622213
14.8485,0.623256
14.8519,0.624258
14.8552,0.625295
14.8588,0.626266
14.8622,0.627363
14.8656,0.628419
14.8691,0.62948
14.8726,0.630519
14.876,0.631551
14.8796,0.63259
14.883,0.633632
14.8865,0.634736
14.89,0.635741
14.8935,0.636801
14.8971,0.637843
14.9006,0.638928
14.9039,0.639943
14.9073,0.640994
14.9109,0.64205
14.9143,0.643112
14.9178,0.644127
14.9212,0.645221
14.9247,0.64629
14.9282,0.647387
14.9318,0.648408
14.9353,0.649427
14.9387,0.650521
14.9423,0.651583
14.9457,0.652685
14.9494,0.653717
14.953,0.654795
14.9565,0.655836
14.9601,0.656836
14.9639,0.657919
14.9674,0.659033
14.9708,0.66009
14.9743,0.661178
14.9779,0.662219
14.9816,0.663225
14.9852,0.664272
14.9887,0.665391
14.9924,0.666499
14.9959,0.667633
14.9995,0.668665
15.0031,0.669758
15.0069,0.670844
15.0105,0.671887
15.014,0.673004
15.0175,0.674054
15.0211,0.675136
15.0248,0.676185
15.0285,0.677312
15.032,0.678401
15.0359,0.679498
15.0397,0.680657
15.0433,0.681764
15.047,0.68289
15.0505,0.683923
15.0541,0.685
15.0578,0.686094
15.0612,0.687165
15.0649,0.688323
15.0685,0.689509
15.072,0.690635
15.0756,0.691795
15.0795,0.692943
15.083,0.694056
15.0864,0.695171
15.0901,0.696214
15.0939,0.697334
15.0975,0.698478
15.1012,0.699605
15.105,0.700777
15.1088,0.701904
15.1127,0.703052
15.1164,0.704154
15.1202,0.705252
15.1241,0.706323
15.1279,0.707451
15.1316,0.708575
15.135,0.709688
15.1387,0.710727
15.1425,0.711806
15.1461,0.71298
15.1501,0.71407
15.1538,0.715239
15.1577,0.716325
15.1615,0.717423
15.1653,0.718444
15.1693,0.719534
15.1731,0.720679
15.1767,0.721776
15.1808,0.722876
15.1846,0.724011
15.1884,0.725096
15.192,0.726278
15.1958,0.727396
15.1995,0.728519
15.2035,0.729602
15.207,0.73068
15.2108,0.731812
15.2147,0.732971
15.2185,0.734111
15.2222,0.735198
15.2262,0.736296
15.2301,0.737425
15.2341,0.738559
15.238,0.739713
15.242,0.740891
15.246,0.74199
15.2497,0.743061
15.2537,0.744165
15.2575,0.7452
15.2614,0.74634
15.2653,0.747539
15.269,0.748623
15.2729,0.749761
15.2768,0.750858
15.2807,0.75198
15.2847,0.753066
15.2888,0.754158
15.2928,0.755263
15.2966,0.756382
15.3006,0.757521
15.3045,0.758685
15.3084,0.759782
15.3123,0.760866
15.3166,0.761926
15.3207,0.76302
15.3247,0.764179
15.3288,0.765308
15.3328,0.766408
15.3368,0.767522
15.3407,0.768678
15.3446,0.769768
15.3488,0.770884
15.3527,0.772012
15.3563,0.773134
15.3603,0.774298
15.3646,0.775423
15.3687,0.776551
15.3727,0.777715
15.3768,0.778885
15.3809,0.779997
15.3848,0.781196
15.3889,0.782281
15.3928,0.783489
15.3971,0.784671
15.4012,0.785819
15.4055,0.787011
15.4097,0.788205
15.4139,0.789423
15.418,0.790628
15.4223,0.791764
15.4263,0.792991
15.4306,0.79412
15.4346,0.795279
15.4388,0.796458
15.4431,0.797635
15.4473,0.798844
15.4514,0.800071
15.4557,0.801225
15.4598,0.802477
15.4642,0.803701
15.468,0.804905
15.4722,0.806171
15.4762,0.807282
15.4805,0.808536
15.4849,0.809684
15.4889,0.810838
15.4929,0.812068
15.4971,0.813314
15.5011,0.814627
15.5054,0.81596
15.5097,0.817166
15.5143,0.818362
15.5186,0.819624
15.5229,0.820941
15.5272,0.822188
15.5314,0.823477
15.5357,0.824717
15.5401,0.825995
15.5442,0.827322
15.5487,0.828597
15.553,0.829906
15.5572,0.831254
15.5613,0.832536
15.5658,0.83386
15.5702,0.835097
15.5747,0.836342
15.579,0.837662
15.5832,0.838937
15.5874,0.840276
15.5917,0.841658
15.5961,0.84297
15.6004,0.844229
15.605,0.845632
15.6094,0.84697
15.6138,0.84834
15.6184,0.849691
15.6226,0.850972
15.6272,0.852368
15.6316,0.853753
15.6362,0.85517
15.6408,0.856507
15.6454,0.857885
15.6497,0.85921
15.6545,0.860651
15.659,0.86203
15.6637,0.863567
15.6682,0.865019
15.6728,0.866428
15.6773,0.867827
15.6819,0.869307
15.6865,0.87081
15.6911,0.872217
15.6958,0.873719
15.7004,0.875164
15.705,0.876559
15.7098,0.878057
15.7142,0.879657
15.7188,0.881076
15.7233,0.882507
15.728,0.883963
15.7325,0.885435
15.7371,0.887021
15.7416,0.888567
15.7465,0.890116
15.7512,0.891657
15.7557,0.893124
15.7601,0.894755
15.7646,0.896347
15.7695,0.897858
15.7743,0.899493
15.7793,0.901061
15.7841,0.902613
15.7887,0.904222
15.7933,0.905915
15.7981,0.90748
15.803,0.909063
15.808,0.91058
15.8127,0.912201
15.8177,0.913897
15.8223,0.915557
15.8271,0.917181
15.8322,0.918796
15.8368,0.920425
15.8413,0.922104
15.8463,0.923684
15.8513,0.925367
15.8562,0.927118
15.8611,0.928806
15.8659,0.930451
15.8708,0.932187
15.8758,0.933917
15.8807,0.935609
15.8857,0.937262
15.8907,0.938992
15.8959,0.940688
15.9009,0.942435
15.9063,0.944204
15.9112,0.945985
15.916,0.947733
15.9212,0.949418
15.9265,0.951128
15.9316,0.952769
15.9367,0.954389
15.9415,0.956136
15.9467,0.957902
15.9521,0.959735
15.957,0.961451
15.9622,0.963192
15.9677,0.965016
15.9726,0.966807
15.9778,0.968638
15.9828,0.97043
15.988,0.972135
15.9931,0.973986
15.9983,0.975853
16.0039,0.977784
16.0091,0.979511
16.0143,0.981316
16.0192,0.98318
16.0245,0.984919
16.0296,0.986845
16.0348,0.988688
16.0402,0.990462
16.0456,0.992241
16.0508,0.994019
16.0563,0.995943
16.0614,0.997758
16.067,0.999637
16.0726,1.00143
16.0783,1.00344
16.0837,1.00533
16.089,1.0072
16.0942,1.00909
16.0998,1.01103
16.105,1.01288
16.1105,1.01477
16.116,1.0166
16.1217,1.01856
16.1273,1.02044
16.1331,1.02244
16.1386,1.02434
16.1439,1.02625
16.1494,1.0281
16.1554,1.03007
16.1612,1.03219
16.1669,1.03421
16.1728,1.0361
16.1784,1.03801
16.184,1.04003
16.1899,1.04198
16.1954,1.04397
16.2014,1.04591
16.2071,1.04798
16.213,1.04994
16.2188,1.05203
16.2244,1.05412
16.2301,1.05613
16.2358,1.05813
16.2415,1.06025
16.2475,1.06241
16.2532,1.06458
16.2588,1.0667
16.2647,1.06874
16.2707,1.0707
16.2768,1.07285
16.283,1.07493
16.2891,1.07696
16.2955,1.07917
16.3015,1.08135
16.3076,1.08348
16.3138,1.08561
16.3196,1.08773
16.3258,1.08995
16.3319,1.09216
16.3381,1.09441
16.3442,1.0967
16.3507,1.09899
16.3574,1.10132
16.3635,1.10349
16.3698,1.10569
16.3761,1.10786
16.3826,1.11002
16.3888,1.1123
16.3949,1.11467
16.4011,1.11706
16.4077,1.11923
16.4138,1.1216
16.4203,1.12391
16.4269,1.12618
16.4335,1.12854
16.4402,1.13105
16.4467,1.13349
16.4534,1.13572
16.46,1.138
16.4671,1.14028
16.4737,1.14265
16.4804,1.14498
16.4872,1.14743
16.4938,1.14996
16.5007,1.15245
16.5075,1.15491
16.5138,1.15728
16.5206,1.15969
16.5271,1.16209
16.5343,1.16458
16.5411,1.16706
16.5476,1.16957
16.5547,1.17198
16.5616,1.17437
16.5689,1.17698
16.5765,1.17944
16.5837,1.18204
16.5909,1.18457
16.5976,1.18717
16.6052,1.18974
16.6124,1.1924
16.6194,1.1949
16.6267,1.19742
16.6341,1.2001
16.6415,1.20283
16.6492,1.20538
16.6564,1.2079
16.6645,1.21056
16.6719,1.21309
16.6792,1.21565
16.6866,1.2184
16.6939,1.22103
16.7012,1.22358
16.7085,1.22632
16.7163,1.22904
16.7241,1.23167
16.7321,1.23448
16.7398,1.2372
16.7474,1.23992
16.7552,1.24267
16.7625,1.2453
16.7703,1.2482
16.7784,1.25085
16.786,1.25362
16.7941,1.25652
16.8018,1.25948
16.8101,1.26214
16.8183,1.26488
16.8261,1.2677
16.8337,1.27066
16.8414,1.27356
16.8494,1.27633
16.8578,1.27923
16.8664,1.28211
16.8748,1.28497
16.8827,1.28787
16.8913,1.29065
16.8998,1.29364
16.9077,1.29656
16.9163,1.29948
16.925,1.30239
16.9335,1.30521
16.9425,1.30816
16.9511,1.31118
16.9599,1.3143
16.9688,1.31728
16.9775,1.32034
16.9861,1.32341
16.9949,1.32629
17.0028,1.32924
17.0112,1.3325
17.0198,1.33568
17.029,1.33893
17.0379,1.34217
17.0472,1.34541
17.0563,1.34842
17.0651,1.35155
17.0745,1.35477
17.084,1.3579
17.0933,1.36095
17.1026,1.36432
17.1118,1.3674
17.1218,1.37063
17.131,1.37395
17.1404,1.37726
17.1498,1.38064
17.16,1.38407
17.1698,1.38741
17.1798,1.39093
17.1891,1.39439
17.1994,1.39786
17.2092,1.40125
17.2192,1.40457
17.2293,1.408
17.2393,1.41142
17.2496,1.41512
17.2601,1.41857
17.2701,1.42223
17.2806,1.42598
17.2913,1.42969
17.3021,1.43326
17.3127,1.43696
17.3239,1.44061
17.3339,1.44416
17.3443,1.44803
17.3558,1.45181
17.367,1.45581
17.3778,1.45971
17.3897,1.46365
17.4004,1.4677
17.4119,1.47156
17.4234,1.47556
17.4349,1.47958
17.4455,1.48372
17.4575,1.4878
17.4695,1.49189
17.4808,1.49627
17.4923,1.50043
17.5039,1.505
17.5152,1.50919
17.5272,1.51332
17.5395,1.51768
17.5516,1.52186
17.5638,1.52616
17.5762,1.53042
17.5885,1.53481
17.601,1.5397
17.6128,1.5443
17.6257,1.54895
17.6386,1.55358
17.6514,1.55839
17.664,1.56291
17.6775,1.56786
17.6917,1.57259
17.7045,1.57723
17.7187,1.58199
17.7324,1.58709
17.7457,1.59204
17.7587,1.597
17.7732,1.60169
17.7871,1.60626
17.8012,1.61125
17.8152,1.6162
17.8286,1.62127
17.8434,1.62628
17.858,1.63142
17.8736,1.63639
17.8887,1.642
17.9032,1.64714
17.9179,1.65198
17.9335,1.65724
17.9491,1.66289
17.9648,1.66833
17.981,1.6737
17.9965,1.67899
18.0131,1.68435
18.0291,1.6898
18.0448,1.69536
18.0601,1.7008
18.0755,1.70616
18.0919,1.71152
18.1086,1.71699
18.126,1.72277
18.143,1.72857
18.1602,1.73439
18.1782,1.74037
18.1956,1.74652
18.2137,1.75265
18.2304,1.75885
18.2477,1.7652
18.2663,1.77142
18.2844,1.77826
18.3029,1.78455
18.3218,1.79113
18.3415,1.79769
18.3614,1.80432
18.3789,1.81107
18.3972,1.81773
18.4173,1.82464
18.4372,1.83124
18.4569,1.83809
18.4775,1.84523
18.4988,1.8524
18.5199,1.85937
18.541,1.86698
18.5616,1.8741
18.583,1.88159
18.6057,1.88908
18.6265,1.89681
18.6487,1.90451
18.6696,1.91255
18.6927,1.92043
18.7164,1.92846
18.7387,1.93655
18.7634,1.94456
18.7881,1.95295
18.8132,1.96149
18.8373,1.9708
18.8628,1.97938
18.8881,1.98829
18.9126,1.99669
18.9394,2.00619
18.9651,2.0156
18.9922,2.02576
19.0177,2.03493
19.0451,2.0446
19.0719,2.0546
19.0998,2.06493
19.1288,2.07611
19.1604,2.08598
19.1909,2.09684
19.2197,2.10736
19.2509,2.11793
19.2824,2.12933
19.315,2.14079
19.348,2.15222
19.3797,2.16442
19.4142,2.17603
19.4468,2.18906
19.4821,2.20146
19.5174,2.21451
19.5516,2.22759
19.5885,2.24022
19.6253,2.25448
19.663,2.26844
19.7024,2.28259
19.7421,2.29767
19.7835,2.31332
19.825,2.32878
19.8684,2.34398
19.9099,2.36076
19.9547,2.37735
19.9985,2.39343
20.0468,2.4093
20.0931,2.4253
20.141,2.44157
20.1939,2.45838
20.2464,2.47494
20.2982,2.49244
20.3511,2.51047
20.4048,2.52903
20.4629,2.54697
20.5247,2.5668
20.5888,2.58688
20.6558,2.60697
20.728,2.6278
20.7926,2.65127
20.8657,2.67431
20.9406,2.6988
21.0232,2.72403
21.1102,2.74846
21.198,2.77393
21.2855,2.80046
21.3799,2.82777
21.4806,2.85805
21.5903,2.89014
21.7088,2.92539
21.8309,2.96517
21.9557,3.00782
22.0973,3.05478
22.2529,3.10815
22.413,3.16683
22.5957,3.22875
22.7927,3.2957
23.0014,3.36862
23.2296,3.44956
23.4649,3.53252
23.7388,3.60563
24.0422,3.69067
24.3848,3.78238
24.7936,3.88932
25.28,4.02573
25.8723,4.18652
26.7511,4.41671
27.9277,4.79616
